509032070003050024000009010620000000000000803000080000070600000004000000800340000
000800506600054010500000300730000602000007000000102000000760000027009000000520098
000310060603000004004680300200040000046850020007100090010500600060039070000000000
000150000107009308302000006600000001000960200209708000904070000000000800000390410
072050000003097020000400800000001000800062030600080502050230000020000090700008000
800060005000000000090070040009000400000200100014000708002540000306000000700006300
050000200000000450240000381507800000020931005000000008000506800080190700070000060
840000070500073000000001000005000000090000040000030201063420900000700000200080400
000000050050700100390012600708000000000050268003000000800004305000030000000009700
000030070703000508000000000020306007905040600070059304000004700107083000060905800
005000100900270600000103000300051020002690800700800000000000276010000000083000000
000804003300050900040000000005000010000082300020730508000000080000097060200400100
080000930000900000060002754000017003004000002001068000000700305000080010250600000
009030000030006000060192000920650100000000003700900608000040231000309050004500000
000900050980000200100200064000000042002061000000009000230090000000807600000610003
410200800700000000052009040590000704000005000000060029000000001078006050004002068
150900280200000607807020010070000060300709000000038001903000000060007000000400003
000060023600000000080013009072000000150300460000000000049750810000102900000008000
000009002080000000310056000400900008005000009000400076000000204900020080720031000
507239000000074030000050000080000500600300000000028100009040000001080067200096000
000029700008600500010000060070060020005183000000050341000000003000000004003015270
080045900000700001000000000520000700079800040600402000000000100340080000052000308
008302470001000000000090000002956700407100000000008510000504000000079058975800200
002004180009108007800000460300000500600800390007040000000080020000051006200070040
000100090400026300073000050020000804000000900007002060030290008000500000000480002
040906108600051400005000700020000509000000806000390000800703000900800000067000000
031004208005000070080300501307000000000000000400020703070000000000008069013200000
900000003400600005000030400000580002070010090504000180000000031207903050000020040
050028091720400000000000370090000046000080100010005728000000900600000053900650000
410000000000001264300690000000000049098000027000100008000008000000436000080007000
700000000008000605200360000900005070010080000000090000300000800000070006506900304
100020000073604001800070000060000300008000200302800170204000006030900002000005900
402768950070210000100000260003000000080900010000840306000004000000000009250000400
001040006000629010008000000000590000000270000700000090240003005007008004060000100
300810400020000000010060000780090300040053010000004000402000050003000072000008090
607000050004050000000687300076800030008040000410702000900000072000004600300000000
400000000200035100500000090050800001001200080000004000300008060000006002040003050
070000000200186000300090000000000800010805030009070250000040006005000009002300000
000300008030600002000009040500400000009006080000000030902170000300005409086090500
000065000000070000100300060000430007300506804040000002080012050005900000906800040
000800205000500000400000138009005000003000020800602900900238600200000000580060092
000700925106200000009000080000030000040100290000896000000910040501000008000600000
750020000000830700439000000301000070000100850000003000000004000004560100870000605
007450002004600900000002500000900000000200087040103000018000000000000006000008235
020400500680000007000908000006001000070000009001200300500080900460000008700090410
007003004030500200009080100001040000026900003000000902000100000000004007005060080
000000009900000302030050000300000207072500000049000080000800900000007065200013478
000073000000000020090001067006000500010050000807000002103000070065000203008024006
040003900000008004580007002001000829000000700807050100208000005000040008314005060
004021085009005000010000607030850164000000003900070002080010500000004000007000000
000050087200680500800000100072040000400070002050300000106500200000800900080000001
000050080083001504000046007800000205649100000000000000030009100070000800000004600
080604000320070000690000071001080300000006240073000000000043002009800000000000100
000400802004009001020070000000900000030020076700600089070040190400086000000001040
000081000917400050600300000000000070006008300300950002000030700002000400008500000
000642001000058490000000800590000608000370000600000000080100004000004007009000050
030000005506000000100024000000060028001000900709010560000470000600800002000003000
040090003060040000200010040006000080430000005078100400050430000000806000603000250
000000570003405000000000008007380004000000000860120000090000021300000000740803009
000007006090004702000000300009050000710000400060000008205000080670903000004015070
200000000650000904090002000009000000016000000340961078030605207020080000000013080
000015083000600010580293600800970006000300700000000020002457300000000000003000051
000005700000000040090001002037000210500020080020060000800050960000090507300000000
070056000904000000005091030300000080001002060406070100000607000050000000000000304
080000000501009068390700000003010000040200507002900000000500023008000000100073000
002009040030085900500100080070004000009000060020000100007000010003600074140000005
009140080000900603000080540040009007701400800200000000060000400002000070004056000
050000200000700000400800009384152900002000504500907000090200030000568000000304050
000001005000040097600080400000250906000000008390107000000000840000005069100026053
430000000670000100100000907504600070010904005000000002040200000091083560700100000
050030040300608000080200500000000403000716059000000000064080900109000000000090200
000007908008000020000004000030065002190040806006000009000000007670508000000070430
010506200470000000009000000037200000090700300002004900000100090000090754006008020
500180000630000009400600000065002107000000030100000900001000070000500000073000820
000070000000400695420000003000020000080000200005040700703086000000500300900003004
000000000040001020600050008000100000010030400000090060003000000580370200290806150
000070056000000800046902000700000613000405700001300500500700000080000060007008100
400000000070000200210630700002050903300000075040006080000970000905002010700061000
009000010200600000380709004000000020000000030000210008028040900173095060000000000
500074960609000008320000000800400030040050090010000000000000506206100070000700403
090300000000600000800007005032080950500000207000024003006005019007200400000000070
005069007000200301000030500030607020090000075000000408058000000001700900900000700
000007800100008030720000000070001502000000000005000017800035900017000000600042003
000000000250001890000700400010004926320000070000000004076109008000000000001060005
004000000006032008810560009000000080002600094008009023520080400000000000309000010
001060080004081300502700000000070800005002700073100000000020954000010030000093000
090200308000008000002079000000000700006003000030000120000830001005004000619050080
000000090501024000000008050007050004900080075050103000409600000000000032070200000
015000826000100900900030050000000641001407009040805002000000000400600000700904200
006000005000200070003006900070040000051008000400003097000600013000000000005032040
008070000095030071003650000810000000069010000034096008000000000402003065380504000
020093000000708000000000080700060004350070000601002008000000010890600000000050063
000030067000000009007010045001069002040502100008700000000600000594000038080400000
000000080000107004405006000200060000047008130800005000000070009080530401002004600
084005002700001000000300000009000006005040091000000700000003078803072009400500010
810000000000040000000010400007400086402500071000200009130000005640700002720000090
826090000705020090000600000000000009050004100003510048000900571309000060000048000
070000154010000000000619000603080007001000896000060000709000000045000000002070630
000407005000000026100000000097380000012900000000200070430020000050000100900035000
000047009000000000000900215000000082007090601208100000000000060001806940086000000
060703000000100050050002004025000800000014030007000000039400000001506020600000010
000070410400000200000901300002350040000000050800169000200030001050000070370000500
730000080040503200002000097050000000000340000290000600003080000000062040005004000
020007000000000009009028100000050307000090001700100000200045080300070000090230006
021800000000907005007050000000742800030000000064000000318000000000000907200030004
460000000000000025010800000280010600900030800000090007000071000000500070046080059
000845170000100006800000000000000793008500000010060000070600900985000002004289000
602000700108006003735080000019070500000100400000005006050062090000000240080000000
000040030000000629000090000050200000900007040800003076000001400020039000003000750
590030601000470000030000009020040000000700036060080000400000000000600300000095720
004108000000060503000009100070000000006000800000070902200400085009705000005080070
008409000000000806001000040000020060050000010120500070000010300903080501004900000
000000007400500000809600000070000100600042090000030200000203060300050040500000038
072003009000006070040500000008104200600020000000030001037000040010040000000070800
400605091002030000005004206030000007000000000000800140000008760803090000050060400
800695710000000000001000000030960000200830007010000006625004001000000605703500020
000100000200000907100009000000005000506090801009010060048600002000230508000000003
010000000300700000007040056009000080000002907060000305003009000200030140000001002
006050100070000003009030004600000200021000005084062000000007009003800000060420001
800300000420001009100500004004010600001000830200000000000000400000835700030009200
040080001000405690091200700400001006800000530060800000000700000000000067207000000
010700800900000400037040090003000985000000600000193000200900000009600000006302540
823000100000100708001060000000000610010009000070000005050407020000000000047000936
060080004000600080030007060007002000040050000000008009800000170006540030100000002
004100005000080046060007000000051068000043090000000700803600000412500680600012050
008000003057006200000280000300000500002100000000049070020900000040000107000851004
000005730200000508008700046630008000800043100009600050004050000900000074082000000
000001000009030000700400008000024080062005000305800090080000610000000004000617030
000060000009070084020000050050096001010007006030400000590000400000000035207030000
000690000020000000000000100800000007900103002000400050506310920094000001001020076
042059070006004592000070000000067809400002007300090020000300706000000010070000005
009000100020530040015000000000700003000102007070005000900000602002007000000016309
000083060010000000640000720000000010906007000000826007002100000160300500000005800
003000040016200000007800350701000000000930804000500100000600090009072000604100030
510040090000050006009600720008070000001090058002000109697020000200007000000000000
600000700001602900230097050518073260000000890000000000067000000890730010020008000
037206805010000004002000000000070100000000000000004002073608040200000570400000096
400050100060000000935000070000000080000007200502038060006001800201000009000504003
134000002802940000500000007607009400408002000000100090700300000050080000000020600
000000004000090002801003060306070500120908003940000000068000000070000316000005000
900107000000200000010054900200030000000060500080040600806000001300900700090070850
000800020813000500200501000100000005009400008000906702006109000034000000000000037
002000000000700000500030067008502600020010000000069043350020018049000030061000500
500700900013605080080000600007100000200000038008200400830907000020030000005000049
860000002004030005000070000020008060400090007500003000200009400040000009370250000
040000000200008003005309780001076000006000210002190000000800067060051030000000000
010600009045001030300000051450072000000540000100300042000000800002000000600834000
900008030200000004800300090000005010340802006000096000086040000000000000001529400
050000040300009005009000070100000029000102500024000800000507006080600000502080000
000001008400700102000003009092006000000208093100000800030040000000309260000000007
400000060081003400000810000000380600100000700060020015300240000007150008900000100
800070020010000900006050000600000394200000080090000000005703000000025007039000000
070000043064070000009030002200800400095000071038010000000700000000100005041050020
300800400800079600070000080000000005000000000263010804000030010680000900001950007
905204000004001070008050000000769010030000020000030000010080400059040180000020090
060300500000705190070010000009400000053002010800000000000983607090200830005070000
237050800000020070000030000023000709009000102600000004000300000704690001001005400
030020600000700000902040003000000180390000700800007300520680400017002560000000002
450000900982000075000050000670030008000068340001005000060000004007006003000041050
000000064200003097090000085050004900640009800007000000000100002321090000000500000
000000906000000070080560001040082309509001200008070000020000600000459000005000000
072068090000000000004021050300000029608300100000005030090040000005900004200000000
200900500000500040405027000000408290000371000003090006002000301000006009060100000
073001000480200000000460800500010000000003900000000004020306500009800001700050049
002000693003010002604000000000400900320060507000007000840000209000500700207096000
060012700000436000010008026090703000000000100007040002400000010100280060000000509
000080093001030020003000000500090086004608200106000400007000004000241030019000000
002000000009540170840000950500007000000000004096000001004030000003270408000010000
009800006080070000200001005000100900062050000308090000591062000000000450004007020
156000004002000008000000060000000000000706400028103070700300000000000650000840700
106000007050009010800000040004008300000000000068000500600070090500432100007000003
090006000560090000000572091006000030080000062000400000000003000042000005300705400
038095710000070050000200060900000020170036598056000000027040080009010000000500000
000270000100004000800005900607000490400100070005006001000003007004020000003000509
000530100000000900002008000007000205020006400598300071030600000000007000010403050
000000508004000000000060904000400000206000005807100002080500020091002800005004061
500704000390000000020000004700000800001000300809002006008050000000930057000001409
007009000000007000035000908003050000006403000800010006090000480002000000740030100
000006005800000000060008002008605209000070000010040800900000506500004107200090000
010645002080000000209000000403800000600200310000000000902000054000507060000006080
000601230000700008600400090400803105000000902105090006000300600024900700006000029
804070300600850000000090500005004000017000003000600000090700081030000002000100000
030700005900040020500030000008003690000000800700200300600300000370002000052008000
000251407400000000060000005001000806090000070003084100000073000008005000050400300
065000001009286000004090000000004700041000060020000010930000020008150000050000000
030002056160000008000004001000050802001000000082900030000003000004010090000007003
050089007003000000006002050060900708008003400000500010100000000000000300040120080
003001050105000600000000100000048060500006000020093507780020010050000009460900080
007000020002000700306000500000209010230600000740800000000020860060008900000306075
790000000000307008008004090005260904064000080100000000000000069920100000000520000
000007080000000105010000030009000510000300006000840700100400007490030051000160409
700400000080053700060020008000000000050000670200000930000890000091000205008040010
500007000002800007010000520000009406900006005000350800400500600000070090821000000
000008003063000050905300007000030076800000504000007090040000000000906000290050001
900000000702901000000800002000080600056000100800700000000008735207600910500307000
400600300070003000000080070040200008061040090905060000006000100500006700007020080
850000006000003200000000580000000730940302060600400820000000050005001092200090000
000960000000000020010420035050000910002010450001300200900000340000002780620800500
402000307000900001008000000080000090920407000004103000000065000030001002050000800
709000060043080000000000800000900500001703040008004970100000002307500000000001030
005130600030000750000009020009000087702006010800902000000700041000000005097400000
049072000000400600007801020050200007300000000400000006600004000001000200020000709
200070010507041008904050000000037009000009400800000001050000000000203700040500000
000700001096002000040000850300600100800000000609070000002007013000000065050020070
500000407000030009000000000002900080094207560300000040810000000067504300009068000
087600000040025001003000002800000000400980000030000200074800609600000007098700003
800090007007040306030708001020010000900200800078006005002000060001009000009000004
108000060000000800000400902321000080705016000006200010050000007030075000800000029
050080006000260000020001500700900003000000190030008050500000674008000000000549000
837000100006030000009060000000800050060000400900000603000000094500609017304002008
000000090050000020041052070003000060284000900567000100002000000100500706030010004
050641000009080001010002000030000804000000009205070000061007900000300050900000640
001700000500038040408000300010800000020009004080000200096000071300000462000000090
000000052000060000004010000400002500900086001230107000000930067800001005500000400
090000008200380960701000002003001006000008000100950000860003090000000100009000020
090000600160020000273050004000000907830010000000000000409005200002300008000080570
000002001008000000050081600702000509030006040900008000301000005009000006000450008
000046300080000000430000700305000000060020090009800000040208053000000080120070060
100000000007208004900457300000502000200063000400000001004000008000094000001005069
785043000600008300910000080001907000007500900008000600000000001002000003006051098
000046000000000002700500003100005480000000007084900000500400000000012000362000800
002000081050000492090100000000000007000060000200931050105002004007500039000010005
000800507800500040400000002000038001009170200070000000080090005050200000260004080
508000000046008900000040000200400018600710025000000700700030000900100000065000009
000000106000007290200680004170000060000070040002034075060005000030000000420000600
400070000005000600600905000000800000008000030000009045049100003001700020003206080
000000060020000800709004500800000090036000070001058030000001300000460010600003007
009000100050408000080006720520090000060004000030000008000100070700000501000730800
003000900000250040046000000000000000650080207000569010005001000080470000002803000
000780040000031020050200300000070000207006059068000000092000010083000000000508603
000290000080000006430568100100300000000009405000042691006801000040000000200004000
700000020030082096024000000503026000007001000009007040002608000000003070000500010
800100006271060040000000000000500001000073600090000000005000030040002700602000008
010500028980002070000700000000300004006050002002019350700000000005000000020000900
803006105900000340000000000000305000080000006095008004000007000000004508056000709
000500004006900320009200000003007105004020000010000400500000060600008001000053000
007030040000090002020700001285000700076005930000008000000410000053007000000000490
150000074000941003004070108008200000000000006000013005802000000000300049040800000
000006570009008004400350000070403000004000093508000400000005040090200000100000720
000300700240000001000210050001060030003094016008500000704008090950000000000070000
020000501087300000340000000000400300008000020016000705000050064000000100800019050
000400000640000700030000000970031006850000300400750090001070004000900070024000050
590000200000400095000000038954800007000700400007064001000678003010000800060500000
008305000006000000150040600000020016039000008700058000000030000000002570800006042
028709001000000000000000760001000497000000006000103020076800300000007004050640000
000001502504900008000000000806000005050009080019000003200000800000000304000673100
005060000013000000020305000040002760080000003050900201000280000002003500000591006
500000090000024000600000013400602905005740000800300406300457000000900000070000000
830000000100750302000800079050000000009000038400003206060200003000360704080000020
567000800000800010003504000000006200000001000900400070040180030030000608008000049
630400090000000500050020840000007000000000000346290170798000005000000600005042000
061400000250069008000000600003870900000100000004050060002000000000013040800700006
029000004000000002047080000700249008006000000000006950205038006064000010800901040
001400000070000000000000820905306010000020500600050038006013050000009000002007004
000420050002007060800063000004800000006050020005006130020009516007000080400000000
508070000000425000093800020000009004000006070000000230009008007000300950300000142
007801000190020500000000200050008600809300100700000309003000000075000034901004005
007000800050004000000008043000040025004010000600903000300801000500400070908000500
002000000000720000080000000860004090001080000000350070004600000026100800000570403
630000007000403500000070030405036002006985300080000005000067803000000010010800400
000240000010087000030000000000008001024000005009000083000013640602000000070000000
060000900000300000408001000700080100001700608500000030000000240037050009050020000
000068000005300000006540081000954000140036002008700036800002104000000000010000020
020038000000014000000005408005002084040050700300900000600000000100400007030007100
007000200029000000000003004000008000000010400405070006000500030000080900800160070
200000907800060000010007028009000071070036840304080000500004030000003000000800000
020000300000072040580000060000000000090700016062000070403906500000400007050127008
000000000200009000010534009930070040000080000800000950000000006450108207000060008
001006300009807000435000760000710034000000950040000020680200000050108000000040080
005076090030000000200300000400000060090103007300000040070400501000009008006000030
000700030000000000030080516007000000000300900019400002570000000900050600004090001
000000305009600100001030006090503000050104007000002090700900800100000000060401052
000000010000060009008001640900300050840000300027405800003000100400012000100004700
000097001081000000000510090070009000040000106628000040090006070000008000000000304
020800000500100003000360070050000300000002096100900002060050000010000000002007140
002006000504000000800073000030000710000002450010030006009420000000000000000000860
000060000003050008508004002030000000050300204009600010905001000000700090042503000
000510008700000600100700500000000006070390100000020903510000400090200351200006800
098071005000090007340500000702005006030020000900040080000006070080019000000000500
000002050040007000080500000009100006200080090400003100068030025004005800700000060
507200000103000970000090415900000700730040500000180603000005109010000800069000000
064020000000000570000980060940100600500030000000090058010502790000000010000800403
000900000005000000704000900060054000000003080003100400600090802000037050078000000
084007039005000086000000100000000400040000000810030000906020050000009200050400008
000029000365008000000000587809200050000106049000000000208010000100005000000070001
006004020070060900000100080000083600500009800100000002608020305050030208030000000
090000150021003007000060000008004000050710000106000090014020083000380000802400000
800004761102080000490100000200305000900000047060000013010000680300000000000500000
003800007070600005000005900005000003080200000000000090032080500400900020050030048
030904200004003007010200090000007000700890020005602009008430010000500000300001640
004000902000010043000000065000490080970006050000000007830000710060020000010008400
002050030300069200080007040000400090200000004708000100609020005000000000050003010
071406900020100000003000100400702000560000008007068030005000080090000700000500400
102000000030491008800000903009074000508006002400000000050010000017000800900000035
070020100120000007000301000030000070000700620064002950500008406200007000040100030
000020000000700605704900100070846000000005080040092300806000901300000000007500000
040000800000090042070205000000106050200000000008000401001630005900080000000000009
700200004004900018000000030000050000050084000090002800080000060305000000006047103
000400000009000003001023000100807006780130090056009000000000040400598010008004070
000406802000080000400000000000000900008900610000702003090040000005000071046038000
540000003000304978000061000091028004004000000300000800952000000000000005703200000
271060000000030000000000090004000000109700030800000005000400700043079006006000100
000007400000001000508000300063050700002000000000000590605084900734009020000000007
000806300502000000000042059200094000060000010000601200040000167090060003000005000
130090000000007084900006007000932000090070240023800050080005000600000000000000008
000500610500600092100200080700001000000960200008000400900306000600000300070000000
000004709003006000021000000084050000002070003056000000009010007010300000000507040
200000000005000300090154000003000008706000009180730065041000000000005400800007600
906000000005902000037010080000504001070203004000000000004000003600001200008090005
000000085002005004094700030080000500000000093360000000400201000000090078000807020
000030000000800100410602000007100060100205007008000950200308400000000700001000206
000000005300080090000059001030040850000002400900000000075000000000006200019200000
000301500701042030006080000070600000603000900000000000407000021005000400360710000
903820700400000000000700900000091063300502140000000200008007090059040000200900037
080030400200805006001007000090000000006000080500000610700040001805001020000000070
001705004700300008000106000000030400000008019003020000004000000090460070376000001
000108030000060040000009700068020005000080000015000060000750600200000900100200050
030200000000000093006000000070000050640700000100009800005090080000000560008430020
200030000000800000610000002100005069003090080000760020000000350009500106070000000
003000104010060500200000006009020000350840000680001023000306470000004000000000000
008002001050001000031070800070030600420000080000040009700058003000610070000000050
005700090001000200980013000000406329200100040040000010000050800720000400004007000
100000400200000600400010007000070809009100000002405000006000500910000073000509080
801000700003058009006000000100000000004600013000004820027003000090000004000400605
009120000000000800005000060400000900937000501000957000740000009000042607082090005
000020100000376000000005604102000500090050082600002010063000040000160700810047000
005900040901005000004000020700000000000502301350800600008070000000058003600020000
305000000069080000007001040050009400081060000206400000000007030000010002000805000
000460800030980000080002000720100060000300000500000010400050600002000703001600400
000480000040016000070005000103040900000000500000507080000002000080600070090300150
000000040082594000000300000300900800490620000000000076000010400108060000053700010
300070415004000009005302000000003820100600300700008050000000000000005080000104970
009000042000906000100080000004000607090040000000008100713005020600003000040000068
010000000584000300300000070001000006607009004900400050090005030005000142203010000
047080000003091500020300000008900050000008370010000000075010000300005020000870190
040050000003040010700009600008300007000401006000078050062000000090000031050010200
197005000000007098000032700002004000000100850043000060000500003600000000000009020
000059104002100690000000500700800000000000700024517000400061003390400006006900005
000050009360092000000001060000000302086540700000000000001200000008000040402080500
042000000000400200051700000000608030090050000807000002069000000000080000008037019
040000000700060001309701000020080000018045009000027600080000000000000030006400087
000000700074060005090500000001002400000003070500081006000000829020000007005230000
070080900080409032500000000040092005030000000008000300804000500061020000000040067
020870090701200450080004010010040000094150006006020000170000000000000001009000307
040509000950300000100007600000080000002090730090000020070030000500040008000605003
000023401900180000420000000000000009005000102000000304600007000300019800200040700
098630400000000000200000000600000930004025000010000000700003010130908006406000800
100230000400060035030000020503020701000013002009070000005000000080100096000084000
406000000090000050000010000600300100008002730100907080760800000050000000004273090
501200400009013000400060300003000009000009000000050000070600900608000530010704000
030089002050460000060000004700000100000000090100240000000050639090000000600007085
009300020238000004000200100100007500080950002000002000090700400040109070002000890
002090800001050003000006009408920001003000900007004000300010680500200000000500000
063000850000300000000075000000041006001000008030000100020500400400000295018004070
010004000007003540000008070139200060004900008000001000800000720001800000042010006
010000000002903000000500600000700000903005040500000070820600100009030000405008090
100400080300950064000000300000030910700006000500801000007000530009600000080000000
870090020043100075000003800008020300000300000000806000000030180700008000305040009
801000000067000300009024600008600903000000500002070000900007020020080000300006800
209007500000000000000635090306020900400010000791000800000091250020050060900070008
050800010000020000060000094006000000010700320500908000000179000080240150002000006
000500000070193006000000005603400007050370040000000800504602300020800060309000000
800000051053108000002004000005000708900503000040062539200000000509001070401300000
040000000100900003000005086000000042034000005806004000215780000400000107709030008
000001600600000000004085390208000001000016203403800070002700030000029400900000020
000900076400000000030016008300050000080000060005080729020000105000070080008040000
100300000400000007080005020020000900006530004091600030000800500000000470700000003
903006142400930708000000009300007000000560000050002000200000007040000980000019060
800000000007590003090040506260000000000006008000302900001004000309000084006009000
000100050000000930070000100200063000300001065900004001003057204040016000000800000
095200000008000030476001000050000008703590600000023050009430186004002000000000200
028000000130000760000000580001005007000320000000060000800012000500740130000050020
002000008500060007010000650304007090001085000026091000080930000000000080009040700
010000380000000090000007006006710500002040000900600070000000020000135907147000000
501000000000003007400000000080040030032806900040005000060001090000000201000400756
060005020040000000209340070006100080070000060800070000000008002050400709700001300
104000900089000403070800000000070004008000360500003008892000100000780000000006000
020100000900000034008000700000070090705000000010080050000003109140000500000590200
010000000502060010068970000370800000900000040100000000030500004000200300000180060
000060300000070900109054000270810000630000050000000000090001506000080004060500081
098000071300510000000070200000000000500000300706084090005000906061042000203000000
782060000000001050061300790000000607000000000004800301000090410010500000890010002
000009320060507000000600000000000030813000090400320000300206947050000000070081050
780090006000280000406300910000010007800007592000020000054000009000000001610000853
010040602000030001000000050000008005142050000080900430300000004560000000490601500
600000005080700023030608010900800000040000050006203000000004006008090040160000209
000903000090000002000760014000000009004307008020800060000009000370086020001005607
004000009070500000600008000000000286806090000001300000000400568005007000000030904
400000900075039040000210070000080000309520060080000010007600108060000000000902706
006100935900023004810000002302817000060000010004000300000000706037000000000004000
000000000000062080051090000000630000080900051720010040007006100030080000800000536
020000009978000003000963080000046000065000010007000095009000000600004200030000050
630000008900000000500002007400030000070000030000840000800750010001400000260000900
000000000090050107405307060000000082900002000030000004000603010760905000050040300
078050030400000009090000205002570600000100020000030080040006700000080006000420950
001300400002000090700050000040006001080540000000001003000000070215000060006080009
009000082508020009000003006940000000027000060800060923004000870700000290002007000
705006030100000002803000100610032070000000600030008000040003020007000000000005009
084102000270000430000040050000000000950060320001000000400005000000080090530007080
000001000002985000000006001000050090000600508005003007760000219000009470103002005
000008006047000080000700090062400507580000104700010000000230000000070053000000240
010000802070000940830000100000000000408050600003020450000000000700036081200148000
047200000020000800060300020300009100008006004600050273000000030001090000792000400
307010000000000800000094000000100604010700080609250071062000000108000500000500000
000000700901000200000500000000000040000702000480350106000073005294005000000900608
006010029010000600300007005000000216090008004000000050000400000200003001001690380
030000000074000000000130000316700800450090300000008000800050600090000045000007020
310500000002600005500000009000060300070051004000008060050000900038000000600480007
000700020006009000754003000000300405000000100005008200001006000460020800300080610
001200700250019040400000000084000007009100402127000003008060000000900070040080090
002000800600000309080005070500060403301900020000000000730000092400002050000600700
408000506006000000007004030000040905000900003000307000030890010085001000049006200
000080000005600000900000040020009007000800500800007924106005008009010000004000630
005004070000000000370982100013050600000620080604000251030040000000079030000000006
050470800032000007000000010060000003900030600520004100107050000000002005040008000
004900008009350000005700000000000090000100000600834000010587006087000100000000050
070000000210048000000010060762105000000300000800000205000700080003800010100530000
900000000104703680005400000000014000080290700000007850000000015000020000036001000
690004508000050930000000000000000000100070080040009206020001000060800000950603000
090104800400000000000020600000801400865000009000200500000065008000900034208000005
046001090000000360100030800000000453900000000000740009007810000510000070090004106
000090000004000020930000800043000290000470306000312000000080109050900600690000003
400010000090000045000600090900000000030000180700001000080070054070049210614000000
010000054046000002005900100050304000080690000200000045009000000030500400001000709
003009100050007000000000950405208300000000270000300005701805000000700030008004020
000200000584070009010900008000030870740000000060000924300700080400500602150000000
000003002389000507000000003070485200100700060405000000040200010651040000000000000
090000200006008030300090000064800007000030800503000009802060070100050000057103000
060000020000504100005070000200800400800006000400003010000000035034000200100020000
600285704500000000400000625004010000200030000000504030870003090100020000000800047
000080370000003090000004002050000010000830600908040053740002000000001700002670400
300007009000000500100080000028000017070003200093000000009000026000106700000042000
620000800000502030500000000070001000000005003205490000000089260040350000007010000
020008030407000000000007500900003700000000008006810000700100600000309070001020004
031070000050001070000090000000000040010003600400800000203100907007600084005000300
000000073054000090060003000000001080000005000109000000083000600020560000001200005
001700003003008409049000000800003040000000000700680900000067010000000600408010502
000038090000002000096000801760013005300000000500040007000400003008000006032900040
056200049030000006000000023040002000005000980703050010000600000000031070010000034
900207000010054000000030004030000060000003200070000500000520030040010805700000900
206847000000000000000300078490000020002003090050000080900080000080410600000005000
000060380040000700009000000600000000010900006308050204700300020400080100056200000
000700400806300000007000600030400050064900008705800010000003009050000130000020860
200300000000046002800009105000700300000410290700025000010060004607080000000500000
000871000910300000078006300090020040040000000006003700100050039005000400020000000
000690000500400208000080107050001030970008000400309006035000000010000800060000000
000098000090075043001000900000009001403080600800002000204061000976800000000050200
800004071000300000000000005008035710002000903600010004089040000000080650050000090
900783000000000000000000804850060030030008002102000005004270500090600000020050001
140000000706003000002050700000007800300009040078030000000000520001870300900000000
000000100002951000000000075000500690040030050000018230700000000038405009004387000
100500602000072090003000018000000000754000060200094000800000509040000000600039000
000106008096800500000007002010042035004000000300005210700000000000703000001050400
004000500001300000020000030003800002000095100050000000479268000018003020500000080
691000003380000050004200910000006800000810009000007005123000400005000600040000090
050046800070000000003009000305000010017080000000602007001000573040003000000070200
300420107000960300900080000000800906680501740005000000010700200000050000000610580
040009060008000470009007020000890000050000000200030008000000003030405080500910002
800349050300100020000020906050090002070000090061000000000000003012000000000002074
004508900000000004090200700000017020001050000005600000000780000608900210200000830
060020008002700500000000000041079000307080260000006407704000006100002000900837000
000000580008006024701004060300000056200507000800000400000290007000030040009005000
730802004500900000006000000002043090000070065060500000000004076090020003000060800
000000300046070090008000170000700000000863050004100000801000045305600000090001260
000000400600000020740100008000000900001075060009302000000001706002047005900500004
405000800607900000002004090004801000300706000010000500050003000000028000700000012
000000000000200309850610004910080000000040000000500400780004010000370000403000900
000000840500300000106790000040205009000008200020000000010903680000400000350000020
803000007000190850040000060000060000069500000008300500000004203600000070000070081
040700001001056009780000300060090000004100600052000800003000407200000000070501900
020054068043000000050300001000000100300100050401060280590000000010000506000205090
000000005700080200000010900001800040000007000500001008320900060005003800000405007
000005640005009300600003000000600000090000802500007000070024000200010930000398705
000007040006180000050000100000064000000500098000003001005002000600000900743006500
060002000200000007387050000020010580010075030906000000040920010032000090009030004
080020000200645900340000600006039400000000201000084030002000000004000050050001000
008000450000400700540001968005802004000700500030040020602007000007036000000004000
000050803210000900780020006000506004530000000000008007692400008000000700300000609
000000005000900830039040706305008000406010000021650000010002008000109472000400000
036080050910000200004000000043019000000000007000003890008906005060200070020800600
000090320030240007082015006190500000040000700200078100000000000060009000000001004
000608035000030006090200040000040000906000750000900400000000200400006010035010600
008500060000870520000000000800060000000000300005904700000005610501020900230001000
005000040000020507009000000090006000300007194000300076400960000070040023600070400
008000040420980000600000003075000080000093000000025000040001070702600009056000000
000002093090600000000070200000060000004001800007093400750008000060000308209000010
000000000007250000004001079091800056000007000500000002030000090010000080860020003
000205009006490802000000001427000000860002000000036004000560308005070200000020000
100600000000000806008137400000210000000076000010090370040008900607000504000450000
000000048490100050106004037000800009000006804800000020008500000000900000007400601
000004007045900000392050000000001080050700000000080000020090000406000170000403008
002000000500070106001000007700005000053900000000030704000000020010600500865090070
050000700041000008090000250010007000087300460000008003600800005000010090008070000
030000000072380500050000003000000190100805040008203050000006000004000006080054001
000204000054100823600000900010087000000020014002000000400003006000008700070000009
010000000000000256003926000004000300980000007005000000000070410006080000070004095
003009000900562300000804090000006084200000100007000000070040000092003000508010003
000000008000047500632005400900008006013060000000720040000001000000000710040089000
876000050000260000024730000000003800040009000000000003700800546000006079650100200
000030000910027630000080900008210000000000402301509000000000540000700000136000000
080020170612500000500001300000005001000310000400008700008204000000800050090060000
000700001540900000003006020025007009400000005187000260000000810800300050050080600
900510040000800930300000000000630000049000813510000002000020061020107300000400000
000400000700000634090000080050609001000200075279000000010000050308000160000030200
605000100000010094018000720000009380300000200000004005001300000060100000204070001
000093240000800500008000000080240900075000402004000615490018000007020300000070000
020000006038045020000000340003600090000000017400019500000000900000408763007000200
024703890000580400006004000000128000060030000000000000000000004900000570018006000
800600000403000005000009300000000000001540800000000506008020000092004617054010000
040000900900001084000000050180020000002098000070403010807000060000002803000050000
009004001040030008083000005090500000250006700000001502900618030000000000000005190
000000830080050000002170500021000080000000007000000009408900006000740100900200400
000104300000000027000000100700500000000241800010300500580070410003090000000000030
000000091030010500400003700000000106074000000109600402000500830500708000000000610
004009150000000080620008000006000003093000000000500001000030907080054600010000000
003019050010500000609200070784050000000000009030000005207106040000004000000000002
020006900700002300000005807000060000000901005045030700000040000003000490007000630
905160000600700001370000800000004000037006000000200056090310000100905000000080000
030000870420807001080200000100030000804001000000000610000700020300000107040002590
806020000009000004004510000930007005572003000400008030000385010100070308000000000
000900000000000005207000800800400100103000790045300000300000008000100260050097041
400000000017000000000090204003780056006000000870600000000000020100000360500071809
200000064000508090970006003008090730016300000000001400000900002300100800104000000
000002008000400070000385000000100500000000067450760000085000000000000102060024790
102004000004000700900100005000300000003600001000520900001780050200050006465200000
004000080058900000170000400000008500893500000600100030000060058000071000900005370
000000003300004010108605000900000054020001009000508007000900700086000090000000031
092000506070000003500000902100060040400002000000030000609000000008906700000500020
900000080100000500005087001200004300613000200508000000020540900006000030000000040
027608000500010009800040120004001093000080000600000000000000002005830004072000300
600000000002008001509001000005309000000020040000600038007000060000570300080003002
000400067001703940000090300070000080400020073020030000090200000240960705000070000
000020060000000708790080000080060305000009000005040007000100040100070953062005070
000004030800072000040350000000005091000020000270100083300000000428001600000090005
000305006000069000000010000160400090080107040502000007009000000010600002050970300
600030000070002000000000003000907020005000801008001700080600030250000140000000072
000009007000415000050030080000350008580700300000000061073102600005003002020580000
000281070000500800000030002005470000040300200013000004701000040000000900060009500
004100080010600000000098012081360079700004050003500000000005604300000020090000000
000007063720004080000800700080700000650000400002060000000600309004050000000029000
530009000000080470047002900002954000700203014000000000070000060005800302004000000
705000602000300000200000050050000090800000073090070000008090000006700320070062904
001082004780050000000004107010840090000300000570000302000061000023000000000000020
040060090000000106060000430007000060000000501003020700100052000020180070600000300
000076054003020086006040009060000000081003000709000008000030005018054000000008300
700600000400000000005400329601709580000008000000002901004800000000000807009205063
004000063000003907500000080000710040095600008000400090009006000000090000037050000
000930402800100003000026700006000100000078000029000500050090000607000000003000020
600900247013004000000008000000500000100002076000007000090040000082000015006700080
280000000000000971009300040000000060053040000004009080006008000920005000000430290
001003000200000800503040000000000020092000700800001400004502000000300059050090003
000006170380000005605300000030010094024705800000040560000500000000100300000607000
800009000060030000190000843000700004050420680002300005018002070000000006700000000
050000900300060000700209150009000740007000006000000025000140070800700000602000000
004170082000006300600002401000058090203000000070003000000010000037029000100000025
100900003060103908403708002004000000900000000700805030602000094040600000509007100
000000009000375010001800003000000904007000000030207000700600000062004007509000830
007400000210006000040900000006000570009080004050013092070000905000008000068049020
060000002090002530300100460000700040000600008040009051518200000000000300200007004
904010006060080000000060009000904500053006002700000000078000000000003094000000605
000001060000700000390000004000502000005000013906073000000098700040000300800050002
050000800010003000090001302070164000000000600041000000000007004805002000000000506
496000070020000000000004001030000005602580000000007020000032006040005039009001800
800004000000000604063050908680001070050000281010500090001020000000000165700000000
140802560200000000080000002000000018000060900600407000064009070005006000903070006
000000000307200800000003605000801000405000006000425003000000700078000020000059100
109000000020000040405003700080920010000006000300050086006000009000000200000070850
000040900080000400510006000000078340005000002400000687200090800600005001040007009
000730056900020800007000900409000002080246000500001000750800000001000007600000200
000027050090000000000603000000100030700300502000060100029040003000002080041700600
400009500001000090900307000700000008000000040006270000003014000120000005050000470
004000600000200003900080000000000078000050200825060041000070410000905000508004020
000560940700000001600070008090002080007001030300000204000049070070000003200780000
600000000000000020200000106704093280080050700093200000000007590050600001010000000
040080005000604000732000000000000080460900020000200004306007000000500600075010008
070000003000007150030410090000090001410350280060000900600000509000700000005008000
030800000000200003009501000013000000200000060045090000020900047006008000450002086
060000970350000000400860000039408102000000006005030000900003700000200000002500000
000003945340000000250000800000000070030029501014030000000000008700104000080090002
200410800000095043040028000008300000003100000600004072004200700080076030000000009
500047000090803002002506000100052030600300280000400000001020000050900008964000700
500000608000800030001000740046091000107060000000400000800000007000043000003006400
000002000400080007900000020060040902025001064000076001093000000000400800070003000
400627000007000200000308006003800700008000340000090050050004002000002000080070000
000081009003000000009000002000060007005010000007200085060070014034002700010800000
000030000014700600000090001000004850008050400000000060100300000007800240030600000
000070000600800301007000006501000000023000000000040007010090203900401000000020100
030060070000087590170009060002000800700000050500106007600005103800000000000700000
040000020030506010706002008100820304009030200003001080000000100002040090007005000
000905002000000900042016300010040007006000000073000000001090000000520860050803701
300600009005013004070020050600100000010000340009300001030001000080200007700005200
000601005690050004208004900000000000010430000006089001100008002902500070860040100
000007085600001900009046000000070008067100000500900013000003004000010000230005000
000000053210000000000080900060000000009000047000130080000604530003057001600020009
000360000000090000000520093700000300068003040000400082043002000200900067900001200
400930000205000100006000700090000000003001007100020080520093804000000000067800000
300000907045068300090100000902005760010300000000000000000080012400000005000700090
000000057032004090000002000006000000008960030010008500009070000000000901300805740
001003085070000030500000160000039000105080000000200619900001000780000090000006000
409000000000001573000000000030102400908000000050900000500200090000080000046009810
000009580006030074008000009070020400090040060104007000000100053009002000000003001
600017400000000012008004005405000600000000080000090000800000074049020000000050800
200196003300000000160020000090040100030080607040050030400008090003000070020709000
600500020530097000001000000010800204005400070080030000000152007000000100000700809
070020800013000000000004560000000046060100980000900300000076000005000000030098604
027906000010007000000023000000800300090005006280000000650348010040100000930070000
900000000000603700306709000230010407405000060000000001050078002008000000000401300
007009008094030006080000100000085017070900000009002000948053002023094050050000009
000074009080200050000000080000006501000400670007030020003002900094380000000019000
000000028003009060000000354070600030000400000002070000001004573000003002090508000
250300006040020083368100000030700602000005000000030001010003004600000900002000050
730090610020000005005601400000004000000000000603020900000300100450000200009070000
080020001065000000134005000000700600500000000000002300040000108026007900800400030
000900601407000502800540000003000900004006050000400000900800000008070000506201000
002590000000746000005100063000208004061000300500019000000000000900800200070000405
000000006040000080020860090030900007169007000000602030000085020310000750200370900
025000009100705004090000000009314080040000002000080000000000400036000050000148900
705001000000000960003502001050000002100009000000040070000200000210007090000030500
900000000364070008000090507600000050809000640075200000200013070040920001700000900
006504000100060580540100009000906000801000000003040000000020100000690050405073000
049000000060000040000085061000350009017000000003029004020000800090070100000001070
000270690590008000001000000010040003800000406050600000000701300000009080000400052
000000000100000080030908760040020000060009045500080090010090300407032000080007004
000018070001000085903000000000007000030105060000040092000000009000900420005600010
091007003080000067004003000300008100050000020000590008675102000010000300000040002
000056900080000000060300005090040000056010030000500080201000000000900008000000724
800205300607034000000000800570900020309000000200000070020500010900000008000700040
000050000000004021005012034100000900570000000000085070060000008000009000493200010
100009070020007060007152004002000000610080509000300000036900000008000000000500002
000060090000390020000205703003012400000043906809000030900500300000020010600000500
300560100008790630602000000724080000056300720009000000081000000400000070000000098
000000004007600000004300070590000031100050007003008500320140000040020100000007000
008300900000084000060900700080021007000000001000000560100005200000090000395007000
500208000200006798307090000050010000000000069000007400000300080809000540040000000
010060080000090007020800001078000020090004008065001000800000050200000000050700304
001004000205090600300000002859600700000001200000000308000008000690000000127000059
000004000009300506005006042001000820000400097000070000902050000030100700070040005
310000700080000000006050100020008007000209500000005024001000060030800000800470201
089060000200390000500070000347850100020001005008000000000005007030010000000700020
080000000050302900463000152020000000000520000705000016000700000000096000010005063
000600002200000076070043950040000600000710000007005000000400301006800000030001000
000900070540000030190640000058030000000400006060007000003090840900000000000001300
429000000000001070006000000900060005001290000000000040005700084670080003800105000
070000000009740160000000009007030000000009502400500090024003000000000400500008671
700058000040090000008000040002001000000700503000040200800006000230000100601580700
300600005000000000982000010006009048407080090000005060670000020201000009039060000
000100000000006200000978060070000005100090670000001049500604000300000490680020000
000000160000061204000000000079502000400000690000080070006904803800300000090000047
030000080400000051000480000610000000003600000950103240000050009000006007000908064
800000030007000010000007002000620003006090800900300020032050007408001000105000309
000080005700006020080003067102908050090400006070000900050000400040810600007000000
000000004300040600000100703000900020090470000008502001042000035000000000030027400
000000280480200010000908075000800600900014000030020007003602000000071009071000000
003000720600402000008100009096000001000000480000001000800090067000067004200000500
000010000805067930097000000008003002000700059900800040306004000040000000002000085
600700098300000704200000010009600050000534002003000000010000207006045000000000805
030060000000000008005037040080005100002970000000801000000000029020000010096450070
009000060570030019000870000000003708057000000360700050700208000000000900105006000
600800000100000004307000120020000900000004000003007810000500072400060000005700060
040063000000004000000200001009306700000000080003005190410908203060500070007000009
000001003001007200306095010930000700052000008000000020090450600000000004000026070
020764190000000000390000605000070040182053007000900208000000000730000000060007030
090003000000500000670004000000072000380050100700009640009600004000040030000000075
004000130020090000000640000000000900080970002706000400100500064000000050300010800
049800001710000003600040070800030604000900000000000700005208017000090000164000080
090084001407050000000010000002390000000501600081000000960007000000000890000869300
015000080008001079002900060070000000000002901000009003000290000000047000400100205
021050006030006400000700000006000100100860030309100600093000705050310000000900304
000000009000960001009538006000000200480000030503702004001000002025009000008014600
087964000090000000015270000070000030103005090900030150000000800000308940061500000
900000002084010600000790030600205900400003000100009026000020090800001000020080560
000000095600080040000000073000092000025000100000560080840051900506000400200030508
000004200000652007004000030540300100001280406700009005480001003030020000250000000
930085000017620050600910030000000005000704080004000307000000100506000400801206503
370000640250000009000010200000000402005009007009000160518400000400500300600000080
002100000700000400450680009001078000000010000038092010100205000000000700000000080
300470000280000060007000003104090000630000000900620000400003000090007020006005004
900002300005010600068000900400006000030001000002080000024070830010000400090500000
900003000002000901000820354500000000270500000000002010400000082300700109106000070
380040007000780130709300000000600000006178304508000200050000709001000020000400001
030009047806700030000460000000800100700240300000090400000000005080104000350000000
000000000009000200000700090540093000000007508017024006000006009002000803098000701
000079000200000005098000000075020030300500000000081600007000000002008040000004360
000060010000072030005000200510007006007004000090020000260050040980400000000000001
070000102300000000009016730010490000008000000407000063060950000000020457100000009
000000200020600750740580000000017005000009008000000069265090803080000090003000600
700013004000050007041000000000000590010270000600000030109000000006730000000009280
200009008001700050040003000300070002800021670000040000010050000700030205003000400
004800000030004000000967000000403010000100500002000600500000001900600000068000397
500060000000800320000000900002000540001003890050002070004700001076031050000000780
870000003002009045000000000900040070000005000000000200710500360000600500569720010
250871030100000006000040010900000500068090000000500003409050200800400000035000900
624050300000040050000700900007800000010000080000400001805001000043207600006000008
502900030600200080371040000005003000000000904010000008400006020000502000060000000
018000050000900000004000010650201000000000790200078005000100040730006000000025006
000093000400618307002000060600832000001000502000001000000900240009105000060000800
300000940200075003000200000000006000450000000000007206130000000004019000700008601
000010800000000700060073090002000080094560000000000004800057000076900000050000906
000002401010090050200300000892000000100000060000000005000009820400010300060800000
000000105700000000005000007400005090100003800268004000007050200000201000004897000
040180900000000304820000050009000510030620090006000000000070030000495000700000040
000000100900000050006800300000000001018450032200060800400710000800009010070020048
307004690590631007800050100000000234000070000050840970000000358000000000000506000
070928004000004075060000000000000402040050680000090051405003000000200003020600010
700800009000300200040009000600200008204090000000080760090600000000007190306058000
010930800020080004000005169000500030008004050000070000965041003000000000401050000
008100000050300806000700000600071042002008970000000500300002000070090005020000030
200006070000000030800007400401523000605081000030009000008010000304000005000000607
040030100600500000000109040001304509000000070028000000106000030000205000070010856
000400700004802000203000000008970023007605000960000000670000084000040009080090007
017009030060000500500000004820090000400003002000000056075006009002901000000007080
090000305071064000080000070000001008608403000000000000000007000000530240813000006
015020003000000010009070000000000000100000705300614000040063987000290400000800001
600140805403700000120096007000207080700300006000908070800005040000000200000000100
020006000090000700001750604000000807300000002007600491900000000006320000000040000
000000000000070208020098001005000000980400027040200030700000000508700300000305010
560000103000107500190003060050030000004006280000010090000092700008070000079000400
000040930300905006000027000005000180916030000000000600060200000004050000073008050
000106800050000630000003005020300016940200700003060200007090501400020000000000004
089070300000500000025903407000306020000000600000005039400700000908000000000080045
800307406030000000002008090001020600700000008005090200000900000000000059000010080
005006030080021000003005004430000100000030608001074000000000000010500000500000820
000000020200006005516009400807001200000780000000504090001247006040000000000030000
000102006040000800000003000890400060070001000000000030003000249900070080001600000
008600040000000100000013059012046930700000008000090000000020060020060000350109004
062010003000002070510807090000030009070090052001025004006050000000203100007001005
076000090300000005000900001010000900500700300000500014600023009120407030000000507
820005003000708002701000050000062970000090200000070006065000100090000000100400800
103670009000204035005003000001760003070850006680000000000000654000000070000120098
806300020000000000370540000000093608000006000509002001900000016683000002200060000
482005009000002006060100000000720600000000200009400058000500060007603810500000007
050000000000970004810600057600700030000080072004160009000000200090000000060200000
000300000040006000702000350000030602100004007000900100900001003371005004004803009
100000090800900020030052000004001000600000007008600004080310400020070000005040001
201000905870006000000050006000000500329000010040000000000230000000000079600170003
009481300087000000000006008000000607005800934473000002000004006000000000908500000
000010008500400906007000040708500100050020000010309080000000000802764000003002600
000504000000000206700603090056009008000000060430000005010000700009300020000090040
000070000081906005003100607000020300100400000008010020000500030030060000005097480
010000050600020000700000200000004008203001006050700001070008000020043000580190600
010500240000070003025018000000000009500400037302050000070000080000000900008000610
000002690100094020020000007700005813000800002000009006007030000003200040000400008
920100000000002700000060035100007048400826000500030000000000800000600300000050009
005080000700050006200300500000403085060700009000800147000000008000007004000060300
010009302008070401023000800000060080300850000900000000002030040507000000000004500
040000000070064500060000000400010002006080310300029005000003000605000723000056041
012700000603000040000008000400001090000000280091003000040600009000305602000000003
200140000070050408000060200150070000300800001000090000600009005003780000720036000
001092084000010005205008009000000000000600540300000001000004000759001000100320078
003000608200380004050700000040507000000000100390168500000800000060904000981000007
500470000400630000003005000900850700708001000000760200000000009010090063000000008
105800004000090300200060001400009000000701000700500090000600000004000700050003210
000805029500400000090070000830006001600050003004007000200000900960000700000043000
000000730400000089025000000008700100000302800090000005130005000609000000000040008
800200060010070000009805000001400007004000020780000005000000700300056900008000004
700000000000700100000801023600008090003100006085006000000080905070002300100600000
000004020030000600020670000103050000000800512004000060000900031006107009000035000
010000008070800002090560000001304500857000000000700001100450003000006400400200800
000007050090000237540001000005004900920018570700009000000000390062000014000000000
000000800900460005000000200000053020080002610600000000200009051010700006000080000
000800750000000000607020000000017048090050002000000600004098360073501000006000091
000000100005000804400071000200040000000006090310000700700690010946000007000000005
080000000000700000000039485070800040600053091102000060000002803000004000290000150
900000017000740300000108000005000602031060400060095100000904000240800090000000040
001800002000001000000900405100065804000000060000004030700049300234000900008730040
000809000000072184000030000600103000000080006290006000300600200000000030075000800
002000004000907000070050012410370200700800000000000600000065007000080009050003060
000006005000070000029001030040300000300400000900160700100003400000008300060002509
009200760500010094600000020008000000000000070000067002030040900000870000460900038
090060005000180000403005000804000000000006300000001068000470500642900070000000089
004060710700030024500000000406000007018000005000305040000000670009021000000000000
600004000000000907010298400000002040700000000803650000000800030005040000086070000
810090006060570400300060000400000000003400900000000300000040001100706028007005000
009003065000005000500000003007000010002900607000008030000000300900240108810000050
630000500007800004054030000260000009000200630809004010000091040000000000000006000
706000000001000008040800093600003009000500200103000040200735600010000004300000000
000000050006000000009805006200608000018000503000700200000000100700300009000096480
005000000000501892800003000000000045410070000086020009070040000000600400620000000
700058230041200007000030090800000050090300000000006040010000070620870300007000020
000000000400800001910000047004030975000000300700008100000046080023007009000000700
080000403014000050007000000800049500009000000040501028600213005000080090100000000
302000070600090000780000904900005007007300160000007400045000039000000600000500000
064000007030270004005008902000000150000300200000184000920030080000410009001000000
096345080003900000000706000921070000000003040000068029302600900500000000600030008
400000000000205008001000700000003000060010309010070842000082000050037010004009003
409000005008000004050000010300708000020000000071203000906040100007001002010500490
700000000004908003613000070001200000000000702802061000090607001306000000020500600
007020600040050000208070100000090028000000051802030000060000700320000004000400006
000019006030805000009000875087300600060020001000000754004000003001000000570000000
009130050000000263040602000051000470000090000060000009070010000000006005000840090
023810000005000000009000200090030048081040063000000000004000706000200809060001002
000308100340020050008000030000039000000040068002005040000000000450000620030210009
047300000005000000000810000000059080801004007620038000000960070000000050000070410
030000001056002080000000005010300700300050000940010200108000003020000890000000610
000081000000072609023956000060007300170890050000100000000000000000000094600240007
800510000900703020000080000006000013000005700003600900050001300400800000008007005
300000040000400090065023107000236800100000000006000000070000300000704250000052001
000000701001000090840030050000080000200060304900250000600309400070002005000000072
000000000679001004000643700000000410103705096800410570000000950700000600930070000
900000048080040710700900000407020000000500004000069307000000000834000900000380020
508032410930000000000000006040025000007000090060009100050900000604007000700000825
000004000300001607000000140782050000006700000001200003000800000095670000100030000
000000000000200160003000007500003070700902300900050010402000000000730059000100480
500000080008100000000030070041200500260000001000007063000002400000900006196000000
000060200000000050005000809826304100050010942900070000500400000007859000080000520
005000001169000000000000709730400000020000804010009000000208003600100000090503070
001020070307510000000008500030005010706900000080000000005300060290040003000000700
030902800700000000000006000060400000005800920007090000009030000070100060080040073
040760500890000200000002030000420000304000700000000003000010300007800600008097001
520040803000102709000030000009000000000010926105000400003000100700400000406900000
360400500840000907000000000007001005005000048030000700010300000400000092000650000
000046000028000009340050010000000007000400000071603090650070201402000003000000600
090700600000051000620000000000000092075002030010900000108000000006000807000340060
030000000085274900000900020000000007001000090070003600409050000000108000060300400
420000000000906200000010674008109000762000000003800006000690000807000300000000950
406100000000380902000000004900846300000000001820090040009400150000000003000060200
020001580000005006007600400006002100019000052000500000000000090040080000000026700
000260010000000050906540000010050300000000760000008000007803006000600030632000401
000000000003080090080009530096007025105006080000054009000060001010000073230070000
000901400200000700700830006078000000902000001050600090000700000004010009080090600
006040070000000006009160004000090003000400065018000000370089000000030040501600080
109286000000701090030050008000000000007064003300000780000008054400090000002000300
000086053080594000000000000408000001000010034600240890043000010800139000501000009
078230001090000230003000600002540300507090000000000010010700000080050020000000093
000540000090062040002000000060000905005610070000070014000003009003009026070000800
010009000080010509000030162030070016701000000000001053350060900900053400000000000
000758000380006090107000500038007002000000430000010000500800000200300006060000009
003012040700000009000005000050200007100090000000000308401007000079500000000300600
507000000006070000904308000000050300100004002060001805080000600700020000005090000
070000005000030000900000070500100000400900003002800709050470006000000180100020090
800002000000000009003067000000400000100290030908006000264000057007000610000000800
570000800000031000006000047920000080007004000050000106000080003000503020000007409
603007020040809000000000700700000090000002080060040000300070500008690000075200000
009000021500070000004918000002000000008065900000000706005001367001090000000300200
008100007005000002000080509403600000001950000000300400030061000870500100040800600
000000050092010300700000029280306000000000004000452000540030000000700060000040035
107009300030000216000005008700030060090070000000006040000002003000094000601050000
000000740080000000072160058004006520000003010030050000509000004000029000600417000
000000002006000470703692000050001060000070300000380000095204006000000290010000000
030070905064000000000004030008000052350000000010080060580600000000400071009510003
000000201200400008456000000901000000000910005003704000020006000009080000000001500
000061003020030089190000004041003967000000000200070001070100500300005000060000000
700085420000000010000010030380000000002008906000000043108236090000050007000004000
900687002100005000307000000510090006000360000000001000030800007050000080400059300
000307200000060010300000078603080050001090840070000006050000000002000400100900025
000700008104000700005090004000000000500080637300100040070004901000060002020300000
003006080008590740500000060076000000000003900000000005200160007700000300000400001
000003000000006053720400000000050709378000041000700000000034160200007300009000007
731060000950200000000800009000046000620300051003000700200050000000020306300000800
700006300013780090000003000600307004847000000030050000009000510000000203001060000
100730000007019082900000000301000000090007840050000700010000508500004000060070900
418006000000080001000040290000620800004001650000009000020075000000000087065910000
000010004002700031570804000000300200009000010020000003000500796600000000704020300
000310070000000010010060300700004020000700100026000950000806000000052009008000030
000000900004200010802000000040090600705000000000800042000605403000003560060007090
036102004001063000000000000000010000000098060190000720000000371000970000005000000
790000000000903008103700450000000007000600000052800004029005000000302670500000000
097800001208009073001003000003007400000000000080030700400000590500070000000050012
018003060900420050700000000000050028000007009607000030006008100000000000500690000
000300067400050000090000000003004050050217300000000080067500004001096200000040000
300000008002000500000020034000006002080030000450790000007005020000049060609001000
000000950700920610000730000350000400000350000084000000010200090803506170000100002
000500010020710000709600400000005098006000203070000000000002004300000006050380000
000003000600080090800000041089000600040000100000050030701000400000094000030872009
100020000207000600000760000090005020400030050020040000003450100900080000008003090
000705904000009000009600000005400003090238000700000600010096070070002810000000005
000000020001800000705400900003570200004900030000010708000000890502030000040005062
004002009060050800000340602000000000000009008900704100000000040382000507405000080
000490006000708040100600003300000200020803000070060805000020000000009610000000700
002930000004000090000000000000570006030806000600000082809020031050000060000640000
040090000000030600900000100300050029020000000009020010864005000000109504190800006
059010630000073000000000070890000046570036089403000000000000000000302800036000904
800007400004509000005000002700681040001000000000000190000130200000274000402800060
002005004000009001170000200000070000009000062003208900007600480010300079000007000
000300700003670000079000000080100000400006015000009306020000000501203000630080050
070009000086000000020400010730040080910003500040000020850020000000910000001000274
300009000090000003000010900100207069200065000000000500400703000010000470009501030
100040200085090407003601000801000700000000800700804650000185046300020098008000000
006300900000794610000000753001000060000070004300009000060007100900082075000001000
030007100610090000000000000007005000300061580000300000200070650800210000103000040
005002018040000000020600300000000000000060900002091500009000001001070600007800035
062400008000000002078000900300001000004080000901050020003710500000003000000200010
000040296003072000006008000000500000481000000000000320100009003070300600308000000
040000000900008243680403071000601020000030000402000019050002000106000000700000850
090002000002054007016000000000000050000008000483000001100800065020900000900100000
000003095008000700269010080000500820100000009000030104000080040700009000010070000
000000009513000020090003041209000000780000003000608002920100800340005600005300200
000007009405009700007050008000300900000060000200190080078010000000500000540702091
000001006510000070000095000000049020004002000900030500469000017008003094000000000
042900000000000080030000000000721000013500000500090100200000070059460001000008020
580700000000645010007000900060020004053080060000000100001300650000050000700010200
007006003051000000000000500800600020540000010002030006034005100090408200000000400
073000000000026000000008030800900004040005000060704901400850000000100007000000309
070540010000003000000800672000008000060000000840000030900002003500670100000100040
002090051000000000070020000080000904140000803000046000020000040001700000306008009
004100000000000000800000574260009000500008010000035800000300006019720000000000400
070003000000000008350007900000950100030000600500100000761800000000064000000201009
100003200005000030000100400010528097300041000007000800243000000756200000000050020
000200008000003090940006700612000000004578600000100000080000104260000007470000000
000800700004060003200000000000020370006054280030000150000900600000418000010000030
240100080006000500000460703800004007900000001000801000070000450050000900060080000
000400029020000000000001403000100080005600014000900602308000000270006000000000836
560000070409080100070903080000000900000000052000804000090001008700000000053000297
002000300079100000008007040000546010000002080700000000296308000000000060000604709
000010000000070053040300016080002000000009020000400000502100940009000068800000005
000006000050000270400900300000040610000090040600705000500800007001000006987000400
207005090009001004010600000100040000000000000002700000496008000300510402020000300
000030060000029173000005800018000040305004000000080090000900082456000001000000000
603010400090500206000070500000040091006000000030001005000769000009000008020050000
700400000000000602600752000000090008000000105507080090105000000000000403049200807
000070405007100000000008060000004000100000304000027006300000910029000008000250000
720060800014358000000010000000005090100000005000640010000000000000000604009002158
700000598390720100000000000070008200000609300400000000001000800960070005000400020
009008000000000402061350000800007390000003500200000000000200900304000060000001050
000207900009000000130905020000008030500000709000704000060010070003000642008000105
800000090924003000000000807000060000007190005200080001009000730000400000300600040
076040502310700000050009070000004100089000000007058004000081007800007003000000051
000709053004310600325800000000240030000000000050030010690501070000000000801000000
000009005020000040004028000000040600900200050080030070200000007009076002810390064
206000400500000000000956780080021900700040100060000000014000000000003850000000010
002000000000000346050000900500080020290000100100050700000060000004002008083005060
040072006010000008005000040004020800000009007750000000570400060690000300083000100
700003100408000005201600800000010000003042900000790001000000069100900080390000014
100000900437250000009000340000020090015006000000700400000567009000000670006840500
010020400005000301074900000000000008001240000030005000160092080200003000400067500
508041000000070059940000010730000000600004001000500090009005080000003007004060000
000001000520476030000000000000890100006004090002107050009005000040000001087000400
109483000704000005020000001000090300000806420000000100090300000031000200200005080
040608000009000401000390080006971000000002005004000090300000000000006957090080260
000000000500000080000061052040000800200710305000089010010600030008970000937000000
906500070000600002072000000020030100780000024000005007060359000009004000010070900
401090003280735009090000200720500104900002000003001900000040006070050000640000000
000280730008000901200100005000030000070000000060007000027300009089000040130700802
000100000900008000580300060000000900040007600802003001009040076000000000030060108
970000000500060004000300000060030000054900000009006871005040600048000005010200040
600310000300900060000025090009201080240000900000009027000003005060000000410800700
200000580003000001400200000050830000390005006000000100000509030000062900000300648
000080103090030000047000020003000001010008096000195008000803675100020300000000000
007008000050000070000000204465100000003205018000000060900300802020010000500070000
000000060010082040760904000000000350004000080000300072008050031007009800020000000
000001480005030000000007500080000051100064200600002009000006000908000000070420030
000030009972800010600020000000960400080107000403000000000000070004600001009000000
500000960009703100700000000070008050908600201060020000006000000000032015200009800
000732000620049800000680100060000000000000000580026410051000000030007009700000540
008000005502003080000008713286030000010900002050002306000001000000300200040800009
000000200059000030300200006600000780000792000017306000170008000080070140000005000
400000080500000100006040000070009046981024700000003000003072000000038079009000000
420900000000000280900000000078000691003050028600800030000000060804003005300010070
006700020070300000900001003600005072027000008890000000080010000000060001003942800
010000678000300100900007042103086004000000000000050000708500060050160020001000000
000000030104009006000000090000200580030800100005001007000000000002300050800062914
080020000014900000690408500030000000000365000005200308070000003200074081000000000
000009007108020000000000000609042300040087020000160000070000002482000000000030010
910700000000000365064008000700012500001000000000806007003007800000400930000000040
001020095000006130980000000000000200003270900076030010050100000000962000030000001
000005000000030050700004200000000900000000807120500000289007004510400006000080000
040002030005000004000740010960020051001006009572000000003050060208300100700000040
094000000070604000015020003000073500000850000201090380000005000009000000708010065
700008100000000000096000270000009407000016098580007000007930000045002010008000500
003094000000062000600001000800706050030000048000230700050000070006000490400000300
073050000000200007000408200010007000000890001000000760000600100700001006600030528
000002906009000000402100000000054003720600000003090010204001060080000027000000189
600000300002305100000060054300007000000200060001000090950040000000690007000000800
700003061000000400001500002600000000090034800800000070000069005017000040036800000
008004000063078000000000042004000000205000007007006300000500070000002008086090005
600700500080005001090002003000060082021000000000004000000500097700000008006003000
806070000007209008000300000060000030400007200000045600080002003000080069530000000
000026001020070040003000600000000500008000000405902008300000000000005270859060030
000030060002004007000005013000000108074010005900000040000006700206590030400001000
400025000000000004000100350100000000005040000000006980804200710090007200050900000
100000000900002700000900000000600047089000030600100000000500300024700008007813029
072010000041060280500000000086907405000800060000002003004100006000026000050070000
000001003000040000005000401746080000000000700000900206300510094000007060028430000
089000000400810000600037000000100000760000000000009687000790014017008059000000306
006140000300060000008007000030900800002070000805006200093500400271000050004000060
005080003006050200000060809000010000600005007090000000040007906700004500301600070
900000000004030000003002000032070060000100003008040120000218935000005400050094006
070100600000580100001920000682000000000009402003005001700000050000008000038790046
000003100900000000010560003080000004400002005720010000030020006067005800040700000
040000000907803005030000060710090002200010746000000010000075000000000000080100307
300004000090270000002050000500002039423006100060000000000000070608900000007000043
135000940800000700000009003000200008600048100000031000008090300002060080060000502
800009000000030020300004079000300048007520301000006090080001607050000000000400200
830002704710600000040000003000000900580000010001000250000006800002709000100000000
079000080205107090000050704702005000000600300100000068900000500000400000008000030
000007100608020007000000639000090000070500000051070040020400960830002000000000002
000004000030620750000980030010000600250070000080000903020007061006000000000500000
003020000000010560509004007680000040700000003000005000020000014940380000000000000
206810007030000000740050003000000950000030002000200006000940000000070030900300768
000070009000000004250090000000000140070005800002300060401900000000780003780000010
009000060503002040702900805000200050030000980280000070400000000650000094000870000
000090605500270003800000700000000800200604001107903002070010090000030000000000410
000400007008309000250000000020000000307002000006500070400070008890001020603005004
206030000050009000980207000003000008060580000500000009001050000070104050000000907
030010000000080640045073200093002001060000004028300070000000090270008000000700000
000000090050009002000000000800070006120000400003490000040005008000002067908000005
000000030419030005002600000200374050001000000000050063900000000657400002000908500
000700306000002040803500200100008000280600005000900000710000580450000000000060009
070000003900000700064053020000006001000300000001200006030800064800020097706000500
000000072070000000006000900000103050500408000200700008005204080001600205428000001
