509032070003050024000000010620000000000000803000080000070600000004000000800340000
020000007970008005000045000000489020080000400200000170100800000000017000000000030
567200049000000005000070080000602900040005008000000100000000031000008000000700800
040000000200450080000600013080000000002000906014005000005000008000000030000043607
080000003640000010000482000102800040700000100003900000010020000300000000400105000
300900807000080003000003100500000608063070050010000900020034500000600000000000040
900000000350710000007000061000030000060020048135806002000670000000000600000080050
000009005100800000400000023001000047000500000075084000000010000200038000700000089
200000005000200000604000070000300600002010000137506008700000000000008900010000400
030000720002003010050000000908000000600310007200040000401000000000700000000680900
010000090000630000004009207900001800000000000050000000830900010200100400000070083
000050080000000000020000071000900002350040000002003000000002815004007000030509000
000700000100000000000042600003090020600205000009160300000000400902000075000600002
050014000000000050000000003210800700000000090600001400000003060000902000007000504
000500700401006028070000030700009080000600000000700000102004070000290000009080000
000007000000000000000000001000000273739100054000083000010008040300000095057029000
000000010302801000700000540001602000005000080000000000900003000000408005020000094
000805000010020000000301000000016000506030000000048070200009600009000050030050902
204700000090056000800040020050009060000004003001000000500300600007000000000000807
250000000700402001000503800000900370940000500020000000060000000010080060002000010
300016000050000003270000000007080500000500001000020800000075400009600005000090020
400020900060000000019605000000000760902000000000007000004000000800391000000064070
600000028400000000000030040000016000000000030020300509901000200058000907000500803
020000751080060000000400000040057003100020600000030000078200000000000008094083000
956008000000000000430900000000070510004000000061005703000100920000000000000600185
602000030708000200000040068000500001080009000109000000900371850300000000005000000
000900005008000026032000000000003280100020000000700000000006590800000070040070300
700001000000000084800000017000600000082340000000000350490003068008000705160000000
100700500004001000060000000080400007309007005000065002090000000000300000008052000
400900260000800070700000040000006500300205090006000007050010400000009003000020000
700000000200905080000030900000000200005000301030042000300060007000070000100250600
009067050060003000701400300000008000000002010402000000070000008003005090940000030
003005000200000507000000000000650000000007802000000010790000000400102009000046200
180400000400030020005000148000006000050000000000890600000010000800200006046000070
000000004000900730060007000904752086057040000020080000600000040030096000000000600
000608005030070002090300040040000903002000000000050000000007000080042630009000500
210069400000000060000400090000600000500000008030520004064000000700200080005080009
250006003000002040090000008900000007004025000000000600006000080000300006000000039
109040200800500000000010083000000000060000037000700960500000800012000000000190002
000031000382000090000070000040000800905300000600010007800060000060007000000009000
008000003000400000002590000000000001070000900000608000400005080100000020050000670
008300020200800070005900108000050900006000002002004000057003014600000000009000000
000008037000000000005040000507009000800000601300060000000000000070000062240105000
000000009040060050000501300000003820020000500030050000089007000700000083000006010
060400000004090002700006900000000000002005000540007000000000031400000000200010685
040050000000700400509460380000003050000000000700005800000091070000000102012070000
001004050000120800700000130300500700970000000000000000600002400008090000010050060
603007000009020000000080000070301000018000000030050002204000038000014050000000020
000090500004008000000200008005000020000805000100000400000700260040109007900026000
000140000000003859000000000000000090725000060000080000000018000960050010002009600
700008000400001070120050000080070000000000902500800000030000400200000150001000830
000032716300000000005000000080000560000000103000700900000000020400090070059400000
000000003000000207600004000000701050000000001086000030007045080308000000000107000
600000300001000500053007086200060000030020000000100940300000000006035000007000000
100200800000098000800600007050000000000472009079001000000000600903080000008000200
001005008900000070400007010000500007000000190000030000350070800000900300000200005
009000010200803007003000400100000000645000080300060072000070050000036000004000000
030002000020000000170609000601000080050000300007000604004000000010490000000008095
050008402000000070000002000000604153000800000105030000008063900009000000000500207
000027080820060900003000060000000003000700000040100000001000005280600040600403000
001370040005000200800000700309645000000000000014000002000009076700000000000050020
000042570600000001000900000000020600000000000309000000400200006500003290000019700
300090001200603040000500600000200080000081000000000100003100000001400002896700000
003027500000045080060000000000400000400000607090001300000070908080002000007000100
000700000520000010000005004000000000000080030103004005400079023000008000709420008
000300100004000000000000000709002004000090000400010050070001040081206000005008621
000070100030000000000900000009020000001000673000730005000000800000056900018000000
007006000069000100003000000000000090015004000000005400400057020706002000091080000
000900800060008020500000000008000092601020000400300000040000000000000610100607500
000010004300000001000000700030000920890000000000590180764805000080001500002000040
400200000090000604070900010800700000065083000000004090200000000008000007600400000
000300800001000000705060039000040080000020300040000006000200050010090002800607000
061000000000009000000000000040130020300504100208007500006000000103000000400080209
008000004000000000090010070000800547456007080800040203002050000060100090000030000
300001000001000040260040090000000030000109076002570000000900000000008000900020084
000000070307000000800004193000000400704008006000609000000931000000000000000205308
109000070000000090502704000080020750000000100000008006000040801004000000000600300
000000008000018300050930000000065800000102003002007100009000030003000057007000000
800000000000000003157000640531090700209000001000270000000030000000010008000000037
003005000760001000000000000005000081300210050000850730050006000000004000200508006
090000060000020500000000000010290030000034718000000006005010007000000800200500900
003004001600008005000000000086007000000000090000200600000600300004900000000500408
000800600000000950400200000000000008003900000600021000020000006000490000058300407
708006000000000020600001000070000802030700000000040000050000001300509700004800030
004000000060004800020000400003019007000856020000000000600000200070080000000100053
090047000060001790050900000107000000800002000600000020500060410000500000200000050
500000006080400003070120000090070810000000300800000000000530008000210000040000050
063000090000705000900003000700020085001080000020004003030609007000071000000000000
000000700760000800000003000300000500000017002007002010000060054001070200000058097
400000000000007600008000000100000053000206000050000080017002000020009068300000002
008700000012000009000510000040003000020009170050000080700000000400100000000000900
000040070019600004030010000070060900000750000040003000900000020060070530000030000
091000000700004000000000050050403000403080006180500200000809000009000600008006000
080000900000000000900800710000002000300000500002078000001085000720009000000304001
000000007700005800953400000300000060000649000000001000001000700070008200600500000
700000900000900000800360070400000060080623000000000003002090000000271600006000500
000200080036107000000000007000000046000004005080050002000040000005020631210000000
060070019001300007000080340050000600000000530409000000000000020000027003000001060
000590070000030010900000000004000080230000900070040001801000040300007000000020105
050000000000000008900500061000000400000080900807006030790000200500060000400001000
