509032070003050024000000000620000000000000803000080000070600000004000000800340000
000640000008000000000000000006500000910003200004000950030062000000000600041090007
700000080005000004000300000000005001400600590060294000600080000040700000000000600
000000020050000000002000104000200085560070090000000006027180000000004000085920000
000500000358006010004000000900000000006000003000007048000200700200004300500090020
010600408906000000000000000001000806000000029800063570400200000200000093000000000
000040006700000000000000070020690800010500400400038000000803000000000030300020090
062000000800000000040030080000009205501000000000600000000470008200900050000000701
000082000001060090000000006014870000000900037000400600046050000000000000200100000
000900040000043700000000908000008090001300000000060200900050004000001500060000007
