509032070003050024000000010620000000000000803000080000070600000004000000800340000
020000007970008005000045000000489020080000400200000170100800000000017000000000930
305000009100740000400091200000000041001003700200000000006010004820000070000000002
008000000000000001002600003005000908080017206006009304201000005000006000540800000
600000503000900002009200000000006080201084039080000040007003000050000600040000000
000010085000006030005000000090730001700290000000600000080907250002000040040000009
100040605006000040205900000007000000000600290900521700030000009001200000604000000
008000001000030500007800900380009006060080400024000005050000080000005600000310009
060000002000000000000003000003014800790050401480000000070000023000140506600007104
060000400300000120000000000753400002290005040000030060180000006000000007005080900
000709000000208040700000102170903000500000600008000003001307060002000000060000905
042060007900014006000000000500000208027000045000000700473800900005030000000002000
640000075900007020700080000090400601007000040000009003000062000000010009200050000
000070801058300000400890000060059040000000008021000000030040020010060000000700000
087030000060000201000004080000080005908100070003000400801000600004050010070000050
039000000040030500050040000060000090580001200090405030900000000010706009000200004
005000000000000701700003006000005000800020000107000030000100007074900100506084200
000006000400000310000700000000270000000031080050000020002360000083004005005000600
002870050000000201000500000010050040003000002409100000004020008000080000050040910
000001006790400000800930070020806900008000000000004301060000000400000108000003700
287500001000018300600000000040000010050000040970004005000302900800000000403600000
452000000060000000080096000000940708900007600000060450090000040700050000000600970
002400000080030060560000802000091200000000000000000040906008000007000009001500003
100400500004002000870900003950003174000001000600000095000000000700009300006020000
400020000020035006800000009000500000100000000060401290000073000000000050240008030
001060004030087000070500006000000297709020000600000100003000000500090000000070008
060070000700000000009506300000025001030090000907030060000400500025009007300050006
003058400000020900090000000005000000001004200000800603700000000000003047050600080
020340710000007200000009000030000400000006503000870000001600047000080000605700002
007009800000208009000000050000000040000000780005406100091000400450010000000940003
000007000009080000007004006000031000040000700006700530000000109020000360500090004
079000030356000000004900008007042000000000107000000340000001453005600079000000000
010007600000105000000300008200000007000009000509000004700002040000000970080054000
200000010040003850007000003600000008305009006000060000000720000100040020003900000
002100046009060008300020900020500000000000039100000500005004200000000605000200700
000003006006900004000020000021000850000000009400000310080000700340000280092000000
200600070000090405500810030000760000008000000306000004007000002090000003000003010
008270000059640071007000000000081000000000034200300000070500080000007000092800400
000000070000300800040000209000209041002040050000030027730006000020473580600900000
800000000000560040400890300100700850000000200302000000090380064041900000000000000
000047320500000800000000500000600002073000001900003650006000174007100000080000000
006000020004300000000000080040000005500726001000000608000100000200005310063000407
070004005300510406500206001020905000000000500005003040800300100000000700001000250
000000630016200007000000040060100000100800900000006405004000300030095080709000020
002503000610009030540800000000000006000000000800000013000400700030060000007900080
010007000060000100005031068904008530030000700002000000000800000400000020000952300
030902080000080402100500603000000000800307009900000000000140205000000000040020300
000540876000013090000000000000809007010000050073000000026400000000000030000130000
400900000701006050605003000002090480000030006070000005000001940008000000300800060
000060040000000800065003010020109000000600000901000700070000100000002509400390000
006090000000600000580020096007000005041900000000007004605002009830010000079005000
150000300008040070000000940000600000003000400000000180000300500000200006020080010
270000039080040600600008701001700000700000000420050000003605000000000070800000090
000000800070003009400090006900200000006070040010530000000840200005000100600000000
000000600000050004040036107600000000037000200080002060750000081000600530123000400
000140080400000150007005000602000010100000070000710309280000900000000000050002008
006900000004700000300006040009000800000290103008000026500000000400000700700050010
809070000000509000000004008300000000001000605072900000000000032908400001250001009
000000002000008030006715000060000970802000400000007000037950000004100005501000000
105008960000109037000000000004005803090600000010200000000000050040003000200000700
050800600070000050003005000004009080900030475630070000860003000000000000007210000
000800003001000080040700501500000300802000000000000050000059200053010090280403010
010700002030100097000090006009010700004000001000043000000460050600050000000900800
090000010008002060000405239005009003060700400000600080200000000050000302000007008
086003000000400050030009007600007008003000500091000400009042000000060010000090200
060001000041000000000430710304006002080000004070200105000000007100000200009000050
800970640000300071000000593040500900213000000000000000004000000069000708000010000
000040027701000800800000009300400001400200605500001000080702090000000006200000300
600000002030080076007002508806000000000060000070004000000006109400000700081070050
900054000000000400007630000000000800000308720005107000503000000472000000000000078
906000008180000090000081000530000480000740010600059703000000900400300005000010002
016050000080000000020070009000400010050008036000000598002940000000100307100000000
004800000080006120000250040001000000000020700000000080040005000805410007200063000
400600000900000006706300508000145900020070600000000100800200070000500040000000800
010800000000005400900702061000500000000004006000019000300001980740000002108030000
000208000007050000900001670003000000006400008000700450000030005080000000600900103
020000005000006490000000310040020000302517000000009000056008040200090000010000600
000000501030200000501900000060370000700009000004108000300860400000000300020700080
200000000060000000000008430000195003405000010008000000087000500104000008036010900
236400000090000005001000003000803071000760000800000004500904000000070200000050700
000050000400000200570610040007031000040205600008000400000009000000000006809000154
006010000500600000402000605000807000730400060000060900024070000000000052059008040
000000000000004070860700000200050003470600000080000954030009000010200090000540000
700000000600053004000009010000530020003004971000000005096470200000090000000201000
030401200000570006000006000000000030604910000000000400000160004700040000020030010
010000602000080000080000010500910000001027003002043005906001000000000500070060000
000008000970630240200050010000800000040007000007002500000000906085000000000000320
912300067700005208004000000060030000000000800000000000007060000005004930800000075
200030090000000000300000200105000070000406108000871002703180000801000060000002000
100000057209047000000500120405300000000005080008001000800030405000608700000900000
000005197018000000037000000000003050800020610000070020000009000003040069140000000
740000000080070006900600380060904002802003004000000001038000700054000000000000053
000090003009000500003000460005009000006000850000008001000537000090000608000000040
600000050830000009700009000200090800051007300000001400000016040000000900000802003
010008040050000800000600000200500060080040710000010300004000009002080000009000006
590000072100009840000240000080130009000000200040005000000000050005001000200500007
000009830000157000000200104080000000000000302920600000096000000100080003702000000
500100000900003600010050020260000000031060000007500000000000007006007095048000100
057800000090000080004000001005000600000001930400093000100000320500000000800050070
000050024000480009500000307001009076008500090090020830070000000000060000000000608
020000000000540700080010006900050062000000300005204080000300010003000054070000003
020000003000900100400060800086070000000000500945000678009500010000100000001000000
010500000000006000726000000470060000300400006000010203000730000000005070000804032
000006308000000900400007000009010000001000007800000020093200040000800002008030006
000001036000006000600000850005047000000200000028000507090080040070000000000003102
020000000708000000013400900000600700091020005000003008042000000300097600000200009
000000240260000100000000090000009500540000000780020006090700000000390008000080010
040102030000000000000009487000024000009000010005370000000640000300000108020000000
000810000063000000090237000006074000000000800020000014000000301807300005000560000
916004070000005008507602040000000000300500081208000009004060090000000300000000600
100000420000000000600080000000496000000070100700023009060210043510800000000009200
002401080500800027000000019000600000000070000061000850000035000000700504000900000
092070400050000000600500000700000050500006000069300020306007100007000090000002600
000060001000208000001000007000130500000840900854000000602003000000602400000501008
050089000913500060000100020000003000000407000060805000079600400000000007006000300
000100000408000030260005008000090000000003090020000500940076050007030000600050020
750069000000000205000800000090500030003000000000600000400200150809000002000017009
035861000700000091000000000360028900009070020020090600470000008000002000503000000
080600090003109040007000000060000700000010000004800000040070000730000620900204000
500900000004003109100002680000007301001600092000000060003040000400000000006070230
080000030007000002309000067800040300001000004760000098000030800600000000000867900
070010003000005000400000090700900000060001000003000004200490870000060900010800000
150604002002000004046000315308050000620000000070000030000400108080000207000520000
000180070090000001007050060509003000840007000026004000030690000000070000182000000
501003090000074000003056000000000106000090050027000000030000207000008000000019400
000090050900002000806005070003070400700080002640000003000700000020000007000000090
060390804050046000007000600070052006000600047000000000000000005308000000200070000
000120000030805400001400000580000000000007506000040072890000060000000003000001200
239000800050000700100090004000002500000000006000300002000000060600000030700051940
100070060803601000050000300000902000000000801000003000070008000000090502540000006
028000000391002000007108305000000201000700000050080000080400000000000630040960070
000000100007200000000000603060004000032000041000000580003500000980001007000406000
006500000004930050000006200000000600508002300000309000000000803361000509007000000
300000400200800000005000000400030200026000000000057000600004903000629700010000005
280030000003500000060000009030009070000007810000200400005010000047020000120060000
026000005000070009050309800800004007000000000300000506700000000008720000000008010
000309000012080000000500108801000500005004712003000604000970000407000800000600000
060000037740000000089000000050120080000000060000700205400050000007004000800093000
005210008200005100010000000000309070507060090300007000080034005000000400100050009
093000050000000040000306000031000060604007300502004000000400030300008200000710900
000000000030057001050000048000200800000006030060140005000400020008900000100000003
900000803060081020020000410098610740200000050000000000007000301000003007002900000
001000000070800000000962307000009004050030060000000008000000870060300000030725009
000080000032064001600001800010030020060809000000000009001000040000090070054000002
700500490000300000950010300030000002000437000090006000004003000000000009000085020
000700000040000025007000004710000080000900000405006000000000913200004807038070000
000000200037000061800032000009004000000029000006080013708000009600001400000000000
000006300002508000040000007000000000900007200653400900000650000579000800000800010
000000025400000008310400000053820000200905041008007350004000000006000007000000000
000003100010000970000000000300090801900006050021000000760021084000050060008000000
008002005700400036400000090043000000500006000000000900000900800000030659017600400
000000003057009800000762100000024007300000216001073000800000000005200030700040600
008300000000000031400600000059000742060100000000740600000000070001000260200068000
070000000050300002000000000908010000000004006340000720090068100085000400000500007
006050000003091200040000031000000050000023400000040000500007300018000020000000069
004086000800700005003050000600009000000120007009000001000400832000072000000860000
002040000500630008000000030005001000070000009000002600000318900000094753400000002
071049005000170030309060000040730000800000002003008750000000010000050000095000000
004100000503004009020036010300010008000007030000800000000000604701400000000079000
973000850080000006000005000604003070810007000000090000700004008020050010000000564
000020003000000690125000000002600000000002000650100080080406000700000100001000004
000700600700206000025080003000100059800007400003000000060000090000000008057040300
095002000060000000020010003270001084503000002900000000008609000019080470700000000
200807000009000000000006010000002060000000007030040001867004009040001000000090072
200080000070090850030000102060000000400005000050040000000400003000001047002006080
050007000048061000006000700007090000800600001002000070100000008000500009009100600
010000060050680390400007001000003007086000000200000800000509040000078900000000000
400800000000306000090000700008000000000005000076080000300050012005030600100040090
030000120610000000007000000400300905070064300000020087592010000040050000068000000
000700000030000007060450030000047060900016400002508003003000090100000000009000040
400980100000000700000200043908000000000009500000000800670010230200095000010002600
000030004000902106350000209000600070000000000200040003000009017070000960060300020
000000080705000002096008005000027300009040000140000000900000004870506000500000700
200400000000000057305700480006000200000100000000032609907300000050040806000000000
036070000020080170700000004000096005800050000100020000600008000570010000002000700
000300071007000000100000009006004005058000700000680020000000307200108000405003008
000302090000070065000009000684750000000010000005608000047000003039000000008030070
000300500080400000210570000075690000109000005000000710000047000900000800000005190
000019060800000050903060007000200030009000020060390000100900800000006000004800000
608320400007000000000090100000000002000002800040700010000000001506030000280054670
040000800001050060000000009000002000300900002800000000054106300260400000000030074
000004500000060020002073890000030000060000050380609000100000000903000006000902000
000005000000007064400008003000000400108000002000030670001000000030900150004076000
000008070000000900010300000043089000000007000009100853800000700320060500000071000
000005000000409600004021050020003000800000109000040060003000004090000000000706032
000000000000500010030100009200000090000030500010008000027090054509000020008040003
405000300060010000090580007002000130000000560000065000020009000500000604080000000
200040103410000060008000050004700032600000085500000040063000000000000300000008529
000705300003020187100000000000000409920000500000002000000600048050008000600300000
000000000489001050007008030000020800040000070100030090090060020000400000002803007
200400006000000794600070000000080000000950000900006210000023050310040000500000420
040200850069070400001009000200000063306400000000002000050100980400000000002000000
000007050000906008070500001090040006005000003000350080000000000006703204000002010
800004000000802000170900000000600230000420070260003008000060419000090600030000800
050780000004000090000060000800001000002958000400000010000003509000000060600000408
800010000000000600070009200750300000400021300060700058000000000000005790009000400
800005401000800000070003000000700083002090067000050000020000070000000145600040000
080060005000020000000000030070010020060040003040002000097000600030005001600801070
000005000090040600508000002000600000300000100000400000850030910040000020063700005
003200600000079084500000001300007008000000450100000000000020000080035760009000000
070500040010000000035000107000000500100308026000602000000000000200003079701040008
000870000089000005000050000200000830000005060490030000000304050350100006064000002
000904000005037200000020004000000001700009046000006009000500800060400000037080000
080104376000000000006000000407000001000008000800002750100020500630001090002087100
000000000054026900000850430000510000010007002005000016801000000000030004007105290
000002000307500900042008030024106000000035000003000000090000007605400000000060040
001005070000000501570004930000087006008050000000000005392700400000400000000000700
470050009000040003020000007006092050000001000800000670000080000000500102030000000
000960000040305621050000000900000080200100000000029054370001000000000040020000000
400000500000000007130048060200000009570000600009000000000800000391006005004095010
000007300600400000090200000001002000004600901030004806005000002070000430940000070
090050000300800140000100703800090000000700009000018002070000000943000600000006070
014000000700301090060000000003105000000400970900002001000900000000050740002000605
500207600000000080021060050000000002002003075000401030184000000005000000000000417
400000600010076008520000300000200004000007000307000000209000700004000050700502006
043006900701000000000000001000003025000700000000090070005000090402000760000127030
002000000000000089076008003740653020200900000000200070030020400000407000000300090
507000000060080093002000000005060100000307000391200000600000000000840070709000020
060000000000506000000308270004080010000720000597600000005000021800000004009030000
600000705000840000000050600000000102800000006010003049900100000006030000743900000
000705000001000900027003000200000000040008001003040700050900084900080000000000050
600000018050000000000450020001300000034000090020000700000002036000000001493007000
000020007000706004000040000000080670400000900700090030072004000006030000035070001
000000605560000304000501020010000000000042070070030060028005000037000000090000086
000070008000005000000000053007060310290300000010000090001000000072056180000000045
000010030000026000800000061006251300030000000000040070000809004740000000000500002
000009000000000000500004020005090000200000801731080002408010039000040700009000510
000093207006000100705004009300000000040000000000002800000570000000000010027806000
009000020000105930000007000040001090000000400050748000005200000800000700600000310
300000000579200000000006000125003000060010302090050000080000020900020800000005106
790080050005000002040000060000000400000008090030020185000030009300000500200900070
000000080008060020000710400000000000960050100010000630793600002000000860000205000
001200706920046000000030000000507060000000010000300092000000170106000000000024009
000090103002000000000036800104000080008010050006000002000400090070063000090000001
208400003000800000106000908000000020007006000400080000000091070000040801050020300
000070030070010000006009000900030045067000800410026000000000200039000000708000500
000400000000000003001260084800004160020009070000000300000002000004070250037080000
090000000070203000600000005400019000000000863000000000051040000007005400000806019
375008000809030000000290000000409000008000600930010007000004000002000000451076000
200000000040070000000050001701800003000096000000300018073004000000000105050000480
009816004000400002000000500102350000508940000000060700006001000030070609000000000
003905000010007000000601009406000000500400800008076003000002000100500600004300007
067000000000031900001609000009073200400100700000000800800010003045900000006300500
600050000009000600705000001302000080006400030000806042000208009020000800000090007
001000020040000008200490000002000080005000904300006000070800030800001000054900000
000001000910000000040080500060500903200108040000020000320000007500070309000600000
510000700760900000000007050005080000001000060000000210809600004200890000003002009
000700080000004030800002017480030000010900000093000600106000000030060092004000000
000400007006000180020010300460003000000604000000020005000760030000000240032000500
032005049004807000000040710000000000078003006900020100000400320000001050400000000
000004081010007020400600709070040000205819407000000000300000000000003050901068003
000005018410800000000600035090300076046000000008000040020900000000034000500070000
096000500000020700000086020082000004610094000000250030008000000000309010100000040
000000010001407003009000000000005138008000006127000004000002000000063800060901400
020080000003000010078420003000300006000100000009500000460000170000000429090000000
060000800009003000300014000906030000000740000431000000000000590607000008048007201
302000001400006800000007030010290070000000104000000060900700305000000608000000210
640000150000000008000020040000001005900007300000000006000030800290006001080050472
000740000102000030400900650000000400000000003206003900030000009000005000570089006
400007000000300580000200160085000000639040000004000000056000008000000030090000021
000000001301060000642000005000400200150000000008300000000200050820076000030000600
068047509000000000007003008100000000040056000030070004000060000005200460000080005
000007002040508000000046030010065900090000000020000800000051000005020010731090000
030508000000000470090604000000001000000020750200000001000900800047005200080000003
000070005000008010580003070340020000020000001100000090060005400000000600007304000
100000930000800000030009000000000096500160020006000000010408007972030060000000000
090000002000006000008045060103009006004000000000503200000000000280000305049000807
650020000080970000000008040000000205700382000003600000090100000200005000040000006
904060007600070298387200500245080000003000050000000004000059000000000000000046700
000004000007000009800500000090006743000030010340000000400901230600005000009000051
060005040820610905001903007000000000019040006004000700000000000000592070000301008
003000000500043000000090207217009050050000000000001000400302000002070018900000040
750080000093020000000000000040005003060300908300000000008067000007504106000000040
030750000000009800150000040010007900000100006000604000304000068070000000000000305
009081200500004060063009008700000000000007004000003080002000000358000020900000000
040800600030760000700023090003000100008000506070050000100002300000007000009000008
035940000020070000900000310000704095000000200000030001000000900007310060506490000
400010500508000000000000400000003010000060009700400030001700050690504020080000060
000001000000000750401000039007003000080600005030000010000007000760019584000402000
000070300090031000002000000803700009754000002000005000070000140006400030040200000
700050000806010000000000008001000804000091007200704036005200041900000000004030000
015008030000000000800070000003009600000001900000300081089605000000000540200900000
100870000000506000000020050480000600000004009003900400000080000700060305060005000
006000903000729080900060000007900400400001806162800000670000000000590700000000001
300000009000053000090680030000000000000105070000890100060008097021060000008700040
400060000690000000005003206000508002000700030050900000006042005007000003000000980
307050200800010960000080001000000000004006050090400000000502010150000000000100008
370504090080000000900000000026100000000700500000000100050600002001030800208000310
900000000000800092087000000596008004003000120020000000000006300008000050005009610
001000400000040002940000000009060000007010000000005097800179060000030750603082000
001709003000010090002000100000060070900305000106000009000003000530608001060004030
070020000000000090402007010004305109050008400087046000200850000000010000008400000
000800000200000005000000900020430706051000004000000002400000000000009630810306500
100000090050006000470100350001000020000000400005071800060300002590004000000560000
400000008780000200030590074006040700050000080000930000000020060000000300009000840
700060000000000003005080009960000734040000000000004800003020005004905200080000000
900000300650001000002609000000005100001040000060000900000000010000007400014000756
040000008050903006006057209500610480100000590000000000007000000805000001000000904
000000300000040008004300700050020004002000090306000000700001500810700000000006800
000700500000092000900000000507000086100004000308000000600930470004000100003000200
200000300000520400100000000700000000060980003020600000400030906000201580092006000
000600890000008060000097000572009000000080004006000000090504003020000000050063900
060820500900000200100000009008002040600090000010000000000000450000403800000010020
067000208800007000003400006300000500002900670000020030000000003010306000005004800
824001000010002000070000100000900801000500070107000090001020000069000002080193506
000208600000000000007000080103000000200004907600000020300005400060047000080000056
000900200240030980000700016010670300000000090080010600020540000000000000800000007
004590000000000100002806000003002060600000007800000090007003500098004000000000406
090000074000060000050007900500000010001008020027300006000040050000890000009070030
000030600000602000000009004005810000900004200000000008057020000060507030020000040
000000079504007010003904000070006090000305000900000000001800007600710050000000000
010009000049018000000000500003000000000650001804000050000036000000000768000005403
000263000003007200001000370000000900700591060850000000000070001438000000000000009
500009100002000003007060000080020000600050000005000400090000001070031002006000094
000002080000093000008600570200000900600005000000004200000106000006000005942000108
000500007002008000000700009010090400008000000000042000100000900450000030070930010
000050016000002307750900008004500000007043000000200600000870009010090070000000000
000600305000905000000040820201000008080000000003080000502000000900804000600013000
802000500000070420000008190000345902007900000500000000000700004305000000070809000
000400000300000208900572300004008000000000802010000009007030580090005001000000090
030010004070002000406900003000001000015800000200000500000008030090000000103400069
000004000700000000690000480004001000310500040000000900000000090800090600032056007
700000000000000009400500800300100076050807000000009080090700260001008035000040000
000710860000000002040090000000078000300500000000000509200000100054002000078100900
000000100000801009080000050420700000000000534000103070005490210000060000309000000
000006012000000907060080000000002004036040000470800205009004000000000000012000700
610549200800000000400060019000000005200300040004600000007000500085000700000090000
040000080000260000600080200400350000000100900051007000300000600010000003000008004
000080000020000013870034090000000600010800007008000005000000000040007080296050000
000070009045000002200560001070005000009010070000000040490000800000006000700300900
009106000000000309038090050000005000000007010600000003300000604000700800000029005
600000020850090000704005091000060000100000007000000600000436052000801006000000010
000302000043008701820000060010000030300000080007000040000001000000094610060070800
007003090000200000001000000000908040800100007042070100070400306008001900090500000
500000900600020100000008065000000002802730000000009050307000000020900006000100083
000600080000090630007300004070000000000010000085000003830000046502900070000032100
005270068004900000070001000100060007000000200300000010007000086090006002000137000
001090070000008000000000063100000600006000800870004200987000000000920005300407000
080700103002010000000004000000000400490065700000000016007000000000000365209500004
060000400030600700005390100004005200520001000907020000040502007000006010000000000
000005090096000000000020000004301060060000300709006180075000000901034070080200400
000000005004000710100000900090006000000080300850000007209600000040000108087020040
048060000270000900005002000002008001000000427000203000601070200000000090000010003
004000070300840000070091500000710300008600700002000000000030080003000025000000090
007000000002008000309010805000080000050000900001607200004700000000006042000090080
000000400003000000009000028080000650002083000000000043000140090820006500000350000
000079215000000000008005090500000000014000000000200300000008050620300000000000060
034000060700000400100000050400586900029000000080009000300000806870000390005003002
000070091000006003000000000080002009100000004300400060741090000005000000030008600
400980050000041000260007040000010600600003000100000407900160300000009560000700001
080000506050700219000000700008009000000002000000645002000100000047000008001080003
009010000000053000047000060000500120000040000300900000800000600070130000000000054
020070000700010080000045000170000000009000078040000902060000000000930021200100700
705020001006000007020301000000000580810000000000000000060790010200000035900050002
500040300309020004000009100000800000000030000700200090200456000060003050840000000
000000010508000004000067005004009000000700000600000800300085000820601040095000000
090000000703001000040300927876000200000050060000010700000000010000003006001860000
100500800853000000000001002000280006700000000090050000208100040045000000016000380
809003000700201094000000700000940000097086000000000000002050060500000480040000900
000030090300200560900000001005060000010950000000400007040000200050700100000000700
004000003700000020600070084000005948840030000006000700000002000280506400960000000
003000040005000060107800020600000009700120054000000000036090000400010000009000003
050000080000906000020000041008000090600207000040000010000460800083050400000090000
000500700000062000169000000230000100500803000010040009023100400000020300080000500
406000050001000000073890000900020000000340800000000530000000000250938000060405000
200009070007000002300000090000000005049300060620048000710030006500000000000006004
008020346000800010030700080000006000050000204060005009870090000009000030000000000
900000000000600200670001300000000560000803001008265000291000830050008000000050000
800000030520000000009060000000000000030700600090400100600924007000307000940600010
084000000100009200060000009020407000000015000503000002300040500000003890000980000
000200000000350000007401020349500600000000030006002080000000905600000300000070000
020003400010000007005600200068000000752036000000000050070000000009000035000827000
000430605900000430000008009000000507081000200000000800705000000000007308002063001
010000650006000000003670000000700100700000000000900000030486200000003708021007064
040100860000400001000000000870045000006000200000006300000010720010050000003900400
900080000700000000836504000058700090000050000029301000000005400297000000500030908
000050003400038005003070004390401008810060009006300040001607030000000000600000000
802000074000010600400000002001000000390000000000003040004000001709060000000730900
009000500003005000004600109800000010000000364000020090000700030008010007630208000
000000607000000030004109000050000000008000000000000074009301050100067300005000406
003008007000090000709000052204800000900000000070001005000000001090004600080009740
030000000001560400050000080010000008070000900300009000400008007000006002200071300
600800040000000067180200000020000000003000401000000700060300000400700000050460030
000032748007100020030600000100004002000007610080005070690000007000000000000090000
080100000000000876000000001000000050905087102700400030000530000301006009409000060
000500000000007029000102008037094002000000010009805030092700000000000000805000004
501000034920000007060300080070000000000053400308900000007030000009500010000000893
000080061000004009000250000700000600000500010090800003020300000006000504008006000
240096078000002040000000906957000080080005000000700060070800000000010000025000000
000006900096080002000000006000000400002000703508900000000010000100030027070204080
065090020000008060001000090600000030000020478850309000040000950000007000000030700
900000000340002060000070900010000026200800300000050081074009003600010700000000000
000054070500090800800000001200080430065000090000400500102900007000501000000000005
609000800000700000040010720007080005000040000005000682200300000916000000000501000
500000800700040000001250000096005070000000000300820009002000900000091060008400300
004509010007000002010000036000900307005000000900007600000020070000000409003804000
000000249000064000000007000400875000850100020090000000204008003003001050900000400
104000000090000002000605904000000008002907000050080009007000090000010070028000146
208000104005400300300800500000000800690087001000000600080000000060020010400350080
000300000000000072000018600000006000080400000001093205018700040400000000006001820
100008500080346000060000002700000003006079000802004009004800020000090600000050000
000700000780000000000010600102030045000250003000400020008046000000008006000023190
000703150063000008010042000008000001002800400007020980040000000000000670300000500
090001000000086000000000007007020000804970000000005200000210040000804030009000806
040000809500060003208000500000200005060000000030601008084000000100305060700400000
000100063000700900001000008300000600910605080004803205020009706005000000600000000
071005000080060030020000758690700100000000000004600903000080000000204600060300000
031040000000700000845000060000000000000613007006002004600020000000060050000375010
060800000090500608302000004005706000000120005004005200006010000000000000000000930
000020043600000009090003000900000030000000001024100500000430010400000980000506000
000060020500000000000800010004010000060030102007400009000020390053008400009100008
607000003040000090000000040004000100000000804010900075008000510100008000026005480
001800006040070000030000000002490000100000500000500003006908000008050010200000400
600000210000150000700000000005000600000860070000027500400001300906570020000008900
600000010000000300040090070090000000000260005800007003007104000000000056200600401
400700000900004708010000002000080000000200895086073000200007000001000000300009060
040000508500000000009003002006020900000501020050600000080000200012009000000008003
000700000000500830005090700700050000600100072002000000071000520500000000846000001
060500380300080901402000000000000040000106500043700190000020006100800000000000000
600000009000300000000000081009020060000000403060007208090000600730200000205400030
006700000020001005005000000089050107000040890000000000430000000900002508000680300
900800510003045000408020000200600000000000000047000000500000739700900600000080000
000003800003000009000020506632000040000000000001000085020000000090147008870000051
804000700000030020100940000000000060090602000000150000070008030000005602080000005
005000080000000903013000000607040200000037000000006150000000370070310000028005000
000028504034900000680700900800000000005000000900160000006004000000000000000200810
038000001400000067000300000060000020000000080000004009700049205004005030000230000
089000600001290038002070050000800003004000260236000000400005006100000000000010005
006407000001000254408003600000009860000005040050600000000090420002000030000200100
900004800000010050000530400050000003304000090000000100010600000506200000009800004
914070000200009073050021400871000000000000000000200800000000600040060380503004002
009060000318400900020700003000300760000519000003000010600000000000040680000056020
000008003100000000000004005010080000056070090000600080009003000020097001000052007
090682000060000000004700000007038900900004030030010000610040005000000009520007000
003000800020631000071500600000002003000003000000000005000069000930024508068000000
000050070076001080000800030000320000008000000635090004000000950250400000000900340
009002630000009000000040900800020010000006005000090420000000004702908103000604700
000000300600002080000095060000050001350000020000327004904000000000000500700106000
200903000030050010600001004000000000905820030007000500370000680000000009000000700
095310000000000200006000800800000000350000000000001040700900015080200007003000600
000000300000008019050200470709500000005070000306000000060000008490100030100000005
068000050000005070542610000000090040030000007000000002900083500000000000000062900
003200504160003090000917008050070000000008100300000000700400000000001082000000000
000001020000407000068000004005700000006000000402905300050064000070000000890200600
001007603002000000000000007050803000000900000003000784000080000320090040170400200
010000008009400006070050030030007400005000160000614050000008900060000000400003000
020805400000070020978000000000000006040080000030000504000000809700036000600000030
050000000070029000000080001016800400004100050000503070069007004080000000400000090
098000012420906300300000600000000006500000900070002005000007094000008060750003000
090050100040000800100000400700300000905000032000000005080004090020610070006200000
000401000000007050720000600217000300968000010050086020100000000002000000000510438
040600001200400000000010000100004963000000002000000000000370600390000750072059300
000000306065007000420008000000000000000800040002100000000000005506010030040072010
021007005000008109007000006009250000804000003000000000500080400002000010000004050
000001080741000000020730910200070400030000000060090003400960000000002600005000009
009000010100700000700020000004000006000530480007000000040610700008079200000204000
000900000507060040203105000600502001004009600000080000000040070000000319000000000
200300000003002960080900070064000000000007305000080092000050000000000080015000009
000100000000007050700086000506000000800090000300742800670000000000000107000408003
000000031300102708001075000000000000090040000670050200000000002003000010900000680
070006000900027004250003600002030460005040300000010005000078000030060800000090040
000800007004300090000040000200080700360000008000005043080000000100090820006070000
000005490000000700020910000000060300803007009710200006000000003000079008000600020
000090100010500000003000090006040001004170000000328005000400036041000000207050000
190600000600001000700008090000000750200010030070080000058792000000800900000005000
300005040200000060000700090900300400000009530000008000000507600400960200100000053
107000902002040000600090000000000001900000624030000009086100000000003200004007008
082000000040060700600002500000500801000300600000040000109000000700020000500610090
008070003400000000000400600000000004000805000007061000070206401001300007000100259
006030900000000802070000050004000087800700000050003000500006000003900201601040000
609700000000005100007038040200000009000470000000019020006080000002093006005000200
003010000000008500186072000000800010400000070600000803000080030000065000201000080
000000672046000000020000000000012500051060008000005000080300905000090081972000000
504000000900805000306000900400000000071400005000500000703904000200000060060023040
040002000600090000007038009501000006060000000300100000000020934000000001070400000
000007060307000501040002007400015900009000706000000030001006000704090000000000080
000020009030008000000030071000946000000000500300000807000300200800000735000600000
007300000300000410000001050200070800050802000709004200008006100023058600000000020
695004000070000005000720000000000903000050108004000007000000020401000080800000006
800006000020000000030410096070030900009000000100090020900002000014900700060080100
206000500000600090000902100060504801000000000000000036000000000053010400000030072
000000350000304700604200000097000860200706000501000000080000600000400009000000400
000285640000009005080340200008000000001053060000001800000020000000000702823000400
010070000000005004520001600300002000602304800005009030000000000008000000904008507
000000019300201000600000000000900000008000340004600200000000003700080500023400600
800030000105000000400000030060170040000040800090000000200000000000003506050908010
708000003000000070210000008057000000000000360000381000500960007030504002000013000
000034050098002000410000007002007400570060800009010000000000000020000010003000700
058000743030000000000070000010350000000007600095000010400006100080020300900000500
038070000000102980500000060001800000000009004040000000000030001000207040400005700
521700000300090080600400000050000702000020000800009000004000591000002000070160000
900008100130040020040000090807002000050080010001004630670000000000000060000056000
080000000500000093000098270001430050000600000005000600370000540014300700000080000
000650083010000000020009015008072500005460002000000001000000000480000300060007408
002001000107000005006200040200008900000310004400076080020003009000000000603020008
059000000000150003300000200890000000040008060000090001000500004060040000000210380
205000000060003005000000940000800470000040002601009000590600000480000060000030000
003060000050900000020050008500840006100000057007000009004000000200003100600000900
038000024001900000700000030000000203079050000000042010060000100040600000005000090
060070000009001000080040010200030050000700001003000690000000000030500702000018360
070100002000002309081000060040208097000000100000379000000000000000090600000431000
006003010803000000500000093000000005390120080000704000040000070600007000001082000
086090000000007060000000090500000400102600070830241000000500000000000500970400000
210000980008050620000400000000080460000060090405000000000000070050003000000000258
006000004000800000280030905020900500073000000000007003030400609090006000060520037
060004700200300000000000020000070008700050930000009007074000005000580090000062000
050007680000000910000040002040000000000592060000300007000060000400000000705000003
009410000000007100045860000003000006008530004000000010600000403400270000000000000
074052000090003000000107000000000019000580006300020007000600070208000060000009400
380100070004970830000300400006000094040006700020840005000010500000007000050000000
200018000351000000004900600502000000130680004900000000700000003020000800600002071
000001460040060008800009000000000900104000020000800036008090007079408001000100800
510000003003057800000016700059400000000009310000000500000020006000005000070600109
000000000007004000041260000000050400000008030020090510900000201008500300700020800
200000000000060500600029070080000000360000900012008000105090002000003005900070400
070006005530049000000000300000000008007280000000003060090700600620000030080600250
005008000061200000000040010100002000000000960000600273087100400000000320003070100
005030080003045000070960020021000090000003000600170400010000200000000007000600500
050700100000600800400000000003000010800000050902000004074000000100006308000002076
000090005008104300400087000800000000300000000065308000200046530100000070000000409
000000001700040000054000928008020000090010005000300000006534200000800004000100060
002000000000000900608070020000000075700000300030060402000000040400000503107004809
001000009000000000830040000002006000059000000000002007008090106500000020200750004
000300004059070000030000159060025400000000005005700200042000098500004070006000000
020000000005071930601000000080000105003500004060100000000904710008000000200610000
042076000970000005000510000030007050000000000800600000003005201006002093059000006
000000090000007020040050080012009000006300078000001000890000700201005000000006005
100902035000000910007410000000040000000000000273005640000600492006000000004090003
000000085038000900000038000007905600000063000100000540800010002900000100470000000
000600040075000002020005100400050701000300200050090000700006000000000000039000500
000000000870200004001005000020700003400000020000000008000000006308000019000438007
008920100000005009000000405030000000020300001506400300800000000005648000700010020
080000000401703000070908341008000003000000090007002000000095070500060004000000020
041000020008150007000080000070090100000700000000010030400000500000000300269003000
000005020000604307400000000170000000000000593006000070058940000000007006700020005
000600000087020000063000000000000000905000010700580020000970083000000504006030207
000053079020000000031980000008400600005030000079010000000000300150000800000005904
000032000800004100000000250000100023006000071048700000400208007000401060000000000
000003060400080100008000700020095000000000907000010204700300400002000309004009800
000000000400000607000800900030700000608200000054003000000500010075100020009020040
503000000008370406007500120076000080000010000050900600000000000040020001002700000
600000090310000200900008000200900630030600900000000400002009000000450020500000167
001030420800040000070600000030000095010500060000000800020700000000000301000010009
000600100008000900160200003000807000000010890092000500000020000000000027014300000
600000000815000400430067000000100000000030500000759000000400000060000092100082040
020008007000103000087500006000005080003000500019002003000000900000087000002300000
260000010805742006000000800703060000500000104000030700004000000000600000150009000
280700050000000000006408000000001000000000000074000035003084002890030701050020000
870000000000000000600048370004080090900700500002000006000000004000520903100000862
805000900030006040000938005060004000000000020010009007900000006000800200700500000
000002006050600001074300000005000000000964000801005000008000010000000598000003600
700605004190070006030000090071006800806000000900000005000050000060000040407000100
000000950600000300450000000000540070003000004000001000000005007070000001020130500
900050083050060000612000000030000907000000008060000000000940700300001040090700010
000000000801025300000000000030100008000706900060040000006200003200030400089010065
000740800050000000000860070000020504000009782040000600002000369060083000000604000
050020108100080000060070030080006070030000050007000394000007420000005000005000000
000009084000000700001500000030052001124000090009430000000000000900060200003107906
000204060000100050790000040800067300000000004000900070001500600200001035000009001
300820000704000000100670000060040190007000003090300000000000060040009008200000070
000928000200000000000500040040002000790006103002010407008000000500000064100007200
000003700507690001040008000002000840000000500000200060080406000620000000400007020
002000940000036080000900000304800000905000020200307000028000000003109050000062000
500000000200800000007000341009010000000002014000000000801007000400560008000009102
000030500060042070000005100003090007010007000000000401002000690000023800000018004
800065010510000000603004000900002300000000005000040080006400000020800904000019000
000009004804000000090053701040000206008000000006520300400006000000070000005900100
000090000890000000200300580000000030080030006100005040000010000075000900930040000
000240000000060023008090041087000090006009700009000200000000160143600002700000000
200800090000190004060007000001006080307000000000000002009405000000000270800000900
090003002020159000000008900001902080060070400000000150047010000600000000005300000
000000500047020000350000000000000030018000026006000004000002600600304710109006080
000340000604007002000206000000100000200000086000670000307061009008000040000050230
640809701000000090000000006006000020000005000020791038009003470805000000030000000
041007000002046050760003100600002000005710000030060000000001700070900003000600900
007009000600001070100000040030400000400500009800020030000000400013270000004080100
700000400408000000250800900900006007080400203000050080160000532800600000000000000
000000000030007600000000409005090000012000038000340020040000000050009000293050740
030905780900000030000234000000000000004080600320040100000000000096300008410000005
040000070000007000000050020000230607000000080004790000050000890020165040000900006
203000500000700000070601030002000001700289654800003000000900003000060000140000760
600704100030000000010503004000000000000109400005000010000005908100602007009300000
000000007003020004400000150000000642006840093000000000030070000000060080102000009
104008000000700400003000500087000090000000040950002083006005002040000800000003000
039000000005010006000370000002900000000027005500004009014000090000100000300080020
000000084320080000186000500000900600060027000210006309000000400000008060000500010
900000000000050070020000040000006004000070568000008100030720800470010056002900007
000000908045020000009000030008005000030000000000000409083500046750840000100003050
000060003608004002010005070000000089109300000000040007070083000000000690046000001
000603107005000400604000000700002006000000500800400000900300000000000020007590084
048000301000056920000000000970400500480000090001073006000700000000000100030080000
500703400060000805020900037000001000040000070300470000050060700000000302009020000
000000000625000390090000040160700802700100500000000000000002900070001000008053000
400108060000300000137054000650030047000405090010000800000041070700000000000000010
000100000000800096000005007098040000002600000003290000000002409040050000000009582
000400000400000032005001800000000080000005090006700000600300700080040020000920160
000908006000020080040070030000100020001004007000030000000400900030000802752000040
200300400070000000806070030000019080090500000013008004100060000000200800000080005
015300002080260000400500000070020001000603784000100900007000000009800000000040060
030000705100000080002087000800000640060000000000060002010000409600400000040002003
004000500500020000000587003030000684400010000070900030200000000040000700000273000
300006000000000700040000506007000000000008010500092003903805020180060000005000004
003000008070630050800000700000050000090040000006009030010070040000800002050000609
000600000001090803007052000000300000200004000010000050000000070003080010068000009
040007000000231504000090000800069050004008000090000020005082003002040815000000009
000018060308007000006003080400100003100030040000000207004300059000040000063000000
000741300040960050000002001000400060300600800590000003010000605005030000000000008
030100000070009130000000050000097800003000000005402000928700000300050040001000600
801000900050200100003004076000000024004001703070600009000008000000007000000000405
050090000040030060010040009300000570000107200200000000009060000000003004008900006
706500100490080700200000856100004060040000030973000400000060000000007000000000604
820005000050078010607021400000000001090006024006000075000600000000000000003200800
004705903030004000020903807500301000000000054006000000000070030800000090000500708
000000410900000030050206009000000000009000050160934000070009004000300002000070000
000000080090000050060100040001009000000007400670800000020700008800003000304286009
000030000000200054000046010000005003010700000300000008400900800890000027070304000
810500002003000004090100000000950380000700100200000000004010060000000000060800741
739001008000300000000706000000000200050000000000040300006000900500087010048500000
009300100000000045020000000080600002600085000700001000000002506050910000070043000
040500000009000700300610020000940000000008000000006508072000005010000000006180900
071950000000000600400063000098000002000007000236405009000004008004026000000000006
038000000005000000000000475000638000002000000800100050050010700000050010903040002
600000010700000450043008000000007006080000900050000000200000070000005060900406008
005008003700001000010006000940000500200000408071050000097000004062090070000300000
000060007000900040150000920000000000090730006000040200007000050041020000520000008
200000400000050090000408100030000700700010000400000006000009030000060080006175024
000000350090060000204008000009000102000620000302790005000500000710400000060002000
000870006100009000000000000000000008602003900070000400025000090008000001003405070
000753010000000300000804000006000000003002060008000004000900080047060503030070000
000000005000002087208045001700001600000006304900070800032000000500200000000900000
300000008905070300070010000200043005047005090600000000000001700000800001009060000
600000070050700630000000009930001000000867000280000700060080003500020087000000004
000502080000930000259008000000000040008040200013000900000000020000100400500069300
002006700008405000030007008001024007600000000000000000000000002020050680000180309
001036000605000000003070460940100000000020000007460200800500706000000008506000000
070000000000000200050020010009104002000300056080006000000019008060002194000007005
005000300720030004000000020060040030804000000001007040410000090009470015200000076
004370102009000030000006500400000809176005000000000000000000080048057000090000360
000000300001095040000060000300001005007002001600700000040000023800000600900040000
400030000006000400000000000020000307009000001001074580070006209860000000000002000
000800000000005000040200561008000009500078200000000000020001850103000900700603000
084001200006000000500009004000400038030070000000600001000007400400000800070002053
000451007000029050004000000009030510020610000870000600000000000405000020000080905
002000050000804600578300009005000040000000000020041300040000060057060000900000005
020001460080009000060720095040000000009000000076400080700000000030008910000005072
000000000709010006040008003000620000070100300006004070008001000000279001500000009
007500902003700000000001004001080000050060408908000010000000350005000000004006090
001608000096000300400107000000700084004000006270000090000000000000302008005000100
300000008000003207005008040109005000058000010034806000000400000602000004500700000
020000080000706000300090000000020000001980000983000040000001000004000910056000030
800600000070003010050008000000020504900067000310000000000800000002010000400000060
008000270370018009000090000200000040056009000000700090700802010000000300009031000
004000500080105000050600000010030027630000009200000030800009000006480100003000086
054690000002000000000400500080067009000004000000509000060703100010000003490010700
300000010005000406000000008000000800012000000059280603040070009000500170690000000
002000035000010080083000010000000060530200804000000000250931007006708501009000000
071000002059100000020009005000000400000540700005000100010003060208000900067000503
000930820900060150000001000000040000640100000013500000300000060080600090102750000
000007680000000000005060200007000300100050007050000040092000006003006570800005001
000000000000002300970000400500070000809026000000000206085100000006000780740030000
001080002250070900000530600000005300006010200000009007020400000007000000490000010
042000500000600410300000200056000000200080004000006000000160000700040000900020036
002004000000010804000070010000100340003087600070000002000000050000360700300500008
008103406000600100002000000083000000070000000006021003830079000005000000000200380
000902800050000604200000010000000007002036058607004000840200000009000000000009300
007005100000000000005080002000000003001020800040107000004702060000300701090006040
000070000635208000000100000000000709000060400010005800860009100000000003100030040
000000600800000040400008200090700000002000085000060934608000050000000300020090000
000714090009050810100080500005020000002069030700000950000000000207001000050000007
040900056000020007080307000400000000000010270000000600005002000970005030000000025
070809500000320401000000000200401958093000000000000020300006000900000000701940000
001090002050000010000000008000000000120000489009508003500700000000640300007000140
080000004602000800701080300950004018000000032000809700400000003010006000500000020
000030780000000001900180304000950007850000030007008600020070000000800405000000008
000040300070068000000009700050000000306000402000005000020400008000700900005000021
000908000008000010002060000629001000013600700000000000000000005000706021750000306
060705000000000093500000000083000040000350100050928060000006000097100000001000000
000109000020000001000000670000057002203000700800406300000900000501003900008000006
082000000090080000054007600000305000023001400700402090000000208000040006000500000
040500900000000400000900200200070600050300040700600020000006000067190085910850000
200030089080020000000006002500400000000000017491003000100080003009007000060000290
000080004060050001050002000000000418600007030002010000004900006000100790900078040
100009000002006790000003000000350908058000000020008360030100607000600001000800009
000500080090008700300201040001000906800037000065090000280000000000050000000000098
700200300080005000100600000000070050000006000500009006000942070824050900300000002
078190020040500000000060000700000004500000609400000000620081703090000000100000050
000006000730029100806000000000460700007200001600703000000800060300070000000600405
506800000800050000409000800002700300004000000900500080600008400000070905000600030
932000000000530400007000019500700000009800002000020600003650041000000000000002730
000040000027300000000005480000000000000000208981070000690001000000000500050008702
000080000900000384084030070060200000070003000003500060010400600629000000000000905
501000090000000002087000100804000970002090400000050000000035001000100508100040600
000107000305000000000000805009500006400208000000000090004000308016000204500000070
000000020000050030520004000300000500970005208000001000000000010000930000006040073
000000000000080000100060803840070000700204090000005020008600000600050004379000000
000000065000004870000000900000356000004900000170800609002500040003000100040090000
280005047000020005600000003090000000060014000050000290000209006000001050009807000
300065100060010000005000900000001492080000300016300000000070000708000030000450000
040000000001400006000070020000628401000540970400001800800000100300800000000000090
420000000560071000091080005700000080000000400000000900050003200000910000040002600
020000500407200800000086000005000304000000062140702900004000000000130000900000601
007008000380009000012460300000890006005020001900000000000000900060500008030001000
000002601000000009000710400050080000020000000304200900090007004507000080018005000
005000060030500704081000900000690000000000000304700208000000000708900005190300000
100000000000400007000003890000007000801200004004035000009080002000020030005700018
650000200900200000400501000020000600740300000030089002000000100000700000078000943
004000013006705040000300000000800600003000000860100000080060100005000038109000004
000108003020000000000500000100000005000300200005007631800000704000000060600079850
060000800700050000100000005020000000003000010008700649000030008800000002030605000
000000024502070010704080000089036000000000500000000038000008605003000100250000000
008000000000000020040200060006013700070009000003050400000001000002004008300005972
200000300035010008800300002000000510007800000360400007070000000000070040640000081
008000000704100060000039008040000900090040200050970000000650100060700004280010007
050000006080700000010000008000090050000003000009052010007000100060540820540010000
030002800400873050501000000040706000000008049006000273000900025000000001000000000
010074000000080320006000009000020086100000000400000750090000000003400010070006040
009000000000024100000000074015002900000800000000005083370090400004206050200000000
040008106600000070070002000000007830900005000100340000700000000000490200005000010
070006900001000004405003000080000000020000053000300006019000600000700080650000040
000000000037004005008006070000020809406080700080709000300000000005070000600000052
030000085069008000702000600040172508000460000050000100090200000070000030001900000
060500000042000000009004708200090000050300000000000000806035000403600020020000000
000600401063002000001408000106304500500000000030010062000000000020000190000007000
005090400004658090208304005080000000006009003050120000070010000000045000000006000
000003800700500000200000007003480509060200700090000000009860400040000900308000200
007080000001000000090005300000000008340600000700000063000030020600008740209704000
901000000400008003000120050018000000700000100009200800600517000000000002050030000
004200008000040506500000000900008742608000000000000009300100095000500100000723000
200000400700450000000102007800060002061070500000000003004000306190000804000030000
000000215030000080000615090000470030002500400000006900000009020006300050000001000
080001000600000900002080700000702583000000002056004000840003000000000035000000040
000800020000250801000400000007060405028000006300000002180005000070000000003010004
705009000200000007000040810040030000100072000008000000000020000063100070001057009
028000090000030000000000841000010406503009700600072000290000004000000103000400000
325000010800000700000000040009000008000036004000058009000007900400000000650020000
103007040200000690000000002320000060000300000000710000705400000800502000000000309
000007050508034200100006300200408000600009000000000006043070005001200000000900000
000970026010000040000000710060830000005040000000000284000000003930050800040000009
000000028400905000260000000030000070180000000057000061000001000300674082000800900
010000090002009000900000700500074000000000000089300001000000104060125009000046500
030000000060005000000730001047002000000000900001000340000509800000300500050008263
000080000001400730000000600000628003100000000038000040006340009800200056002000004
310700000000000500000080019008050602000430090400000100000005700090001400700000000
003006000008000000040100000800400609506000300100000000000000007350600902200010080
040000008007100409019000000000009800000000000001805030000010005100038020036500090
002000090409007362000006054007010800000020000001000020000800005300000910000050000
080200040000007000004000380010009000090720060000400200705900013801600900000000000
000030000090700205000000000010500000420070000500904060207610900030450000000000080
054000900003020001006700008030048070500000080070000009410000060027030000000000000
807000000400080000020305000040000100008500000300000002630210400070908056000000003
300000900060005000000073000000030097000800006000002041000004000625000030030080002
000050080070004000090100000301000700000500000580092600000000147009410000000000350
003080057000000090710502000005000000030007010002890305000010740000700580300000000
005060010069700305020000000004900000010006000002080096000000020500800063000370000
080900300000000009070000008000043060009010002062000000000530084000090750000070001
090000610054000000801570020000107800020000100500000000000800400600000032002000080
900000000200000000000068700000003058001080007004596030005007003400000090000004000
500000009090350000002800000008010000206000090000002180004060750027000900005100060
000000000000760084019000020030500900060004700045003008002030000070000000600002000
006004000230050000000000004300000000000607940000809000000000408000180020097060001
008003165670900000040002003000000370000500680000009000900700000006000030000210000
300900600170000000000000790006040000902700000010060083000000004000030005600094000
000007000006000000980000540040000001000000000000804609501600000024903000000500710
080010000002000810000002000000070000053406002900000501041080000000604030000900270
203400090006900000007600200000050930120000000300000060000070003000010800070200000
040006380000100006003050000000020000409000000000300970807030009200890000500700000
020810009009000700008003040000000052000400800800730904500000030000560020000000006
006800103003000000470600005000050000000280001000940006000700000060300000894000200
090015000050000000301000080003620000540070000000009070080300400100007096006080000
080000109750064030000000000290070005100003000000000080000300050000008006000900200
008040000000003000006000400047010000380005000502090700001036000900004006000807200
000150000000000206000000000350600090000083070080700300000010900000002853000036002
000000000000300900460100000502006004000000632030000008001000023000015700000070400
000051709000000000080000010000080040047000002000006000700004850000000200301009470
000200001600004000000350002400075000900030000320000000000000905085000206000000304
000400500090600000240000000000002000400010089020000047006500300000003000010000008
000000020700004000020003000000080000041750000007000861030001000000400098014200050
030200000296015000740000000000070500053068070000000309000000021000490000800002000
400097500000040000390000100000070000060100050005200080000000009030009000008000007
000018700000370000000040200090080000017000080000604900530000001000000052740001000
000000000009076012063000000000000003000000008400200070870094600040003000000005180
000004890093005000080000000008200000600000010000001609800003040030960050009000230
003001000700020869005060007800900050030000000000000400067054000000200000012000004
307000000000000029100000700000350000080000000000026145000080090501060000000490000
000080095000000130073000000901502073000000069006000000000230040100004000004001900
000800005070005021000240370093000684016000000000000709100009000540700000009000000
006000309800030050000021006000060000093000000080000621030209000007800090900005000
004000200000070003000805400026000000970200804030704000600000000300000900800050027
000000100203047000000580070000000000320000007400090010000008020050100000100975006
000700900100603000030000000009130008070084000400000700600000182000001000090000570
019007500040030020000006100000020408000095010036000000701500003000100800000000000
030040000502080700080000000000000109000805300090000070605400008000500006009002000
050030000300501496000000002009008000580000003000002000061004000000000007830700004
040008150062000000050030000000460002000000907100300080009000040030001000006000000
170902000000000000002000060500100800040208000009600300000040000001000007030820900
300000000000040020000000080200000407087000950050092001100009000500604070064008000
200400300500000061000020007020370000000010400000050096000000000080000003000806524
000810000000000009070000100900000000203064900750009802000000704000028065000900000
001004300034020000080000000079408000000209408000000170060000010090600000700100086
480005090000070002750000000000320600908040000000000401005400000000050806000013000
000380001009400000005000609000008900043010060000000200600000004900006000870090000
050608000093000250000030070060003400004000103080900020030006001000000000000000067
009000000001200005000090000060000058008000000000970020600089000030005600400023007
070000001000050263009302000100000000000060000000200000016000820000000700503084000
800000501040600700030000006920008000000000807000063200002580000400000350000900060
920000000000005000030401620070090000000000060200000050005730000784000500000000806
000986000090700000000001040004000090000809421980000000607000000000010030040000806
005200086073000500000030000002079030000004600140000000004502003008001000500000800
000005406904008000010900302002000000000050200405000070000080001060010830001300060
065040900000073000000020000281000600000000005900600070506000700000409000000000140
080027000001600009600019703050000090100004020000000000000300000005080000002000901
090006030002000000000300097000000849400070006100400000003000180000009503000040000
020700000000050000010090040000040002000600050041200300053000060600000020070809005
000003040009450270000800000000000000003040000064000009302008006000094057000000408
000000902000006005002050003038001000020040000010000000000000860000428700700300000
001002005000001300070000000000010600540000900007003800902006080003000020000400500
304000000007009000090005800800000072000003540200000000005020700000060004170000090
006000105089030002020000800002000010000000003400000070000040000007306040000001629
000800900000000210080052400520070000100000792070000003000701000700006000006000120
000000070002000600800070903050002000003700005000064030000301460004006001000000090
009700500005000000000000400003901270120000000000408600314006025000000000000014000
001000907360000000007305100000009705000700020000004000700500000008000054009040600
000080000090300002400790050082046700070001060004000000000000000800500300000069008
000106009357004000000080504070000050000010000800000000006000908038029070005870000
000000904000109060000000000003020000060050021500086000000805000000000030340010057
060000000105000082080000000030004006201630009500020800700000900054007000000013040
679000800080920040000070000050006080900000000026000100708000010000290500000007006
200000100008002090564800002051000000070000000900108000000000200009000415627000000
000903650000000400800000000000000300900100005200500008020056000700200000600004702
000000020000070800000103000000849001060000000000000080900080706000095010107000530
800200010400000070500170002000000705100050000000020601000008007070609000090010000
000000003000000000603158000070000620120300079000002000002000000040080100009030700
200035001000708300308200006000000000000004500049300100900000470051000800000050600
005000004020043000000290010000000700000010000012300080070006100800120040040700600
070000840405081009000300000030000200000000000602004007180003002000000090003000015
020001900090000002005020301007002000208370500300500000402000000180005000000600000
200000007000008000001060900304000001000009200090107300000000070072040000008300560
590016000000000004000500030100200070062800000000697000901005400000100007004060000
000470200070095000005680000009000000540826003000000060000700130004009800007000640
500000100306000000700050000040000805000794000000003009000000000000809650008040201
000600009609130004000004000700319020000000030056000010090000000000002100147000000
028030007004000005630001809000270000005000300006000000000090410080000000403060000
006100020010000008009200700400800070000000100000004502000010200100003000002467301
900000300006000040700050000060000000802100507009800000000071000000008602600093070
060500000830000600000030500020810000000002380600000405008629000000700000100000200
050090003000417080000060010001000500042000090006000004080000000000600050034100600
800000000500000310400030000900000700230180000140000060000000002000000940020006800
107000200050800000000000050040700000300000006006000000890005070060120900500698040
800000095600100800000000000009030400058010000100500006040700010000000520002000079
000570003012000000005900000000050892300020004100000000500037020000840300000000060
010030070000072000003040012000091000007600590500000020008010040020000001350000200
000520800014000006920000003006090208000000070040050000000000090801200000000004500
700800000600000000100260300000902040098000000207000005000000730940075000000098401
000800002000000800006000040004000000050020071100000405062005980000030520300040006
070380010040001009010000003200000060053910000000000004000000390000163052800000000
060007000000000000070008005002000000007315000051972000000600004030020807028000009
000000406000005129100420003070900030042300000090002084000000360200000005000061000
006800400100705800009001000000300600000000740008060000003080090000000020062500004
000000009000060007000050003810000030400017902090008006004000060070890050000430000
010000700072010000908670000700003056000800104000000000500000000020096010031000009
060800400003500170000034000700000602030020000029000000300400058400000000000000009
070010900000000005000087000090001000003002560000400009000500700800000000009860000
000604000020005030090002040300980020002050000700200000000000300908300005043020000
000300000200040070000000900010006000700000819000017002030070100000100700900050430
000000200360010000052703080080000040094037000000000800007524000006000000000060001
000004009001030050004100000730002008000009000906307012300000021000003000000000067
000040000200009000000780200563000000000002600000050400034000900095006074000100000
070300600100040000000901370302000000000009005000470109000028010000000020500000000
820710000006000850007000010000200000200400700090000240002001030300692000040003000
040001070100000000000030100005280000003007002000050906030590600000000800000060037
002000700003000006900600008000020890000017030000500000005080300020000017010000400
040200000000000000309780060000800030106070000020000014000640100000000007257000000
000060003700005000685100000003007000018200090020009000000800207000000000000750000
500000000870001000000000006095602800004009600000040010050000034010030000006008500
000008300050007904029000008000300200010000000600500000400010007000049000000270400
100050000709000000000000500006000800001000020007240003894302001000000080203780000
070000205000095760900100400006050004000640050002000000020500087090000000057000600
204000100600070000009500006000003050000029810000800003008000001047000009001000064
070000036000050800004090000300000050800002100000007400006000000100000009020100705
020100300000000150090470000050000000170600000000700400000080031003210000000060720
008040100040000007000005003380000000050000960020600010870006030600001000001000200
000009012010000300400720080008600007500000403000004090030900100001080000000000900
400000070090030005103700200610000300000102000200800000074218000000000000000040820
070640000100500306090001000009004100000000000308000200000036000060000050700000020
007000000905000200003709600001005000000040000700020400070000360004001000000603708
050000003100870000030900400068000070000280600073000200500000006000000800000710009
006500000000001090001004070050073040000000850800940620070000004040000010000407002
010200000070100040000050000030810420000000000000020870600090008002067305007000060
006000000030080000000532600000100700005090000008000062009000008047000009000008040
020004100030000000006809000200405000001030600048000000000012050000000000513007000
100003000000800060050020074004609000000000053000302000900000046000007900280000000
056000000000006019380000400000020008100030000004000900503870001000000000002000860
003000500700590000000080260000439000000000004070002000300650001000000800160903000
020000570000001008400000020005000000064009200000600090070350900000004050002090806
000000050003205010094000000007090003900050002005000006080042000050039070000017000
000098030000057009080402000000009071700040080400000000003000040570600000000004000
009020000100706000000000008000000007005900000402600050010000006286590000000002075
703061000000007000900030650000006809800000000002100070009500003007000200201000000
000200050460005000850490010000008730003050001080000042100000090000010520000004000
000300020000000473500090000001007500045000290002000018800000704000000060600000000
600001890500000003000040000809000000000010030001802700100670000000004009700030001
020000100010000204590000600000006300000800061081000070008050000004000015309001040
600000000050000300200000006005079001300050200971008005000000000000840070080006400
080000007000002600000380400064007050050600074070090006003001060090060003000040100
000020000006400210800000030000067000010000000057000060000001000049000005120304080
000008000000100008030000100006070001007203600000000300900041000714020830000300007
000060008000000000083510760000000100147002000032000900006200080000000307500000090
201007840000005000900400010007049000043020000080070020012000000000006054060000030
207000000040001060003004000006400000000020070000980020070040000004060007360072148
000080201000054000070010004009800000000200003000000080000096020198000000506000930
000002000000000851007000302000060090502000070000305680020504000000008009400000000
020003000689000000003050006004000150000006209900000070830009060100504000200000000
900030007000045100000000040000317005000000928000000000700006000600080704090001002
000000050003980000109050000000006007004800025000002004200000001810000000000004500
001000860007000100500003000100050600030600008000008000000000300020000000080730045
000209500003000000000000906000050060060000030200000080904000200180002000702030004
009000005008070600000485000000008204020000000080096000002000009003040002500603400
380400269000007000000080300500000000060000000040000502036000450402300000005094100
004000000890740100070000090040010007030000050100073002007000400000420000006090800
400500290000020604000006000300060070008100300900730000860900000000000900020813000
009000020806000000500000010020030060304610500050007000000000300001070008003020700
000650002096030000040000000400090800000062000080000000704000000360501000520000780
000100046010004250020007030058049000000360002060070300500000020000000503000000060
000050300097000000000007150040002071005008000000000008006071002001900080030200000
000160000000000100006050400050496070040000080000000254000040018205000000001500060
000010050000502000004600073083000000000700000000830005000200800600004090400006700
700003520006000400500000000001004000407000203000060000000300180030280005070640000
000020040109408700000903000500000200000370000000000004001530080004000000306719000
000040000001630000000700154000009000000000035349800201076000090005900000000060080
000000000009563704051807000130000000000100009007004500003090000500400800000010000
000300000976805000000040007020000060000000800000108000015004000760001000030067024
074000030000006702800000004030002089000074050090300071600000043000030000009000005
000050008006300009000000540000000000095000030602410900009006053080205700000000004
000500092000200004060008000000902000000700005013004700000005000258070000040090000
080000200030085000010000076004000080070000320065000000600030090000004500000208000
800000000000000401107043900200000000310005009985000702000150000000000076700020000
006000280000000104000008000000000700400070860000054000803001000200300097050090000
320008004060003080070260000400000000098600000000810000100320000000005007005040001
007000159090008000000090400070000000000514200030080000620900000000000000800000975
621000080008000000400103000090000010050000024700090005000007100005306000000000050
004500070000064000030070000045000000010007650290400008000000200180700030000140000
007039000001000007002000804009005071040020000000090200300060000000072030000000012
000005146000482900000100300000030098000000005900040060090000601006000000253000800
000900000000040075047000000000058090000006020003000610930100007000002080000060000
070409000030000900002000005304080002701060040008002500000007000000000000000050800
700400008000008000690020340000000000000005709009700053003090400010000080020070000
470000060090080000000007192000004000008132070000000600000800500056003000200600009
100000520009500070004003000000430000000080900020010003095700002008002000000108000
000000840205004009090000000300000000024000006070300002000605970000701000800900000
006090000070002000090080000003005007500148000080007410700001300000050000008073060
040380005900000100105400080020600007000000003003700000006200800008000000200800069
080040600600000028309000100900000070700105030000000000800012000000309000000000405
009400000085000000700205000000020000600300470300740020000504096000896300004002000
000093000080001000040527900000150000570000000001000000800000650009300400004065007
900000003000000000000710200000005080000109050030000497502000900600020040000000001
930000400021050009000940050000097805200000000000060001080100530000000002500630000
002060000009000020030007500700000002000001300950600000000008406000120009600030070
701060090000000020003408600070009030435000800090000070060001900010300000000090200
200014900805632000000000800010000300060000070000200000100020000300100040580040060
005100000076000320400000000001008500000002803030900102100004050000501009500000000
000000702028600005000710000006080000200000010830000000400006501000090043000000260
080670000200000030010000500100050040900024800000700600000981060040000009600002000
000004030100007000032000480000000000098632000001005000020000006000598700040001000
600839000072000010000170800083007200400090007010080000000000060040000000020000004
080200000040000000000000801300900607200004000000001003059370000070000050000400062
400006580100900000079000000701000006000000010000000050583020000000107005200840000
090150600850000002007003000000710050080000000200000410500000060064008000300400000
000601090507008000000000700050030000000105007201000059710000086002500004000000023
002300015000006403003007090005060000690000250000041030000000000000603000000200001
008000000000000003040080900000632000004010030000005700400009070006040080080000026
000000009678000000200450306030090607400030000009001000040000000000087000000009050
000008030200000600004700000800600000029004000006010403000002790000050006002000001
070000243340062000900010000000809032000000604001000000000103000000000075200600000
040010060130070050000000030000030006020050408400020000000093000000180300007000910
708000050000300069050004000804000000060000020000803006007040800000060000005200000
000000052000817000039060000700000103005740009002030074500000030900000000000900000
800960000900052000002100080000000300350009100060000200000003501500000000010070030
001000008080003100079400000260000090538010000000200000090000000003000020000000340
400300007008607010000950060090000000000045000006000320000030940029000030005002000
460090000809040000000060080970000200050070043040200000000504000002008070010030000
900000040004000060035000009000260400040703005020450010090030001002000000008000702
007000000001000000000284000000043600000000009480000157005000812008000400020005070
370000105460000700001004008006003000000000200020000000700450020000008000800090017
000005071300074600040201000000000090406000000000000010520680000790000300000000000
502000000006100000040008060020001305000507108090030000010000000008000003000400017
000300520200009000000427000000000080000003005072000001004002007005010006100540000
000130000003000500640000001700000006020875000400002005870020900000041000050000400
069000800000000210007001004000640100006000000000002490005000000000030060081026000
001000070000000940000260100010036800070000000085000020003802001106070002508000000
000500002000890000050000000370000900920301000000078006004006090002040580000030000
000008700009400300400100000020000000004005060000390010060007000008002003500060000
001020000004306700030000000006090008000400050023760000000000000370600504009107000
400000300000203408036700050510000046000000000000100002000000905060805000000049000
006200590209840000000030000000780000700000006002600039050000010010000900000060000
000021000000000600802000050070500020000000075000230000700015034000790000600000080
010000000020080500400000070005200043000500090000907800502700060600000400000300000
090080000000307800700100030000600783001000000800002400670004000300005000000023000
000000000104080000097300000800400900000203000040000003052060000080005200031000804
000000000000289000000000004701000950390700000004006000900000716050010000000600002
050007690000000070004001200039000000000000000480793000000900080000025006610008905
